5 248
5 258
5 259
5 600
5 793
5 980
5 1128
5 1168
5 1207
5 1374
5 1477
5 1484
5 1559
5 1579
5 1648
5 1682
5 1831
5 1934
6 31
6 122
6 1044
6 1225
6 1706
6 1825
16 1195
16 1436
16 1709
18 150
18 196
18 519
18 884
18 1029
18 1462
18 1523
18 1676
18 1786
18 1806
18 1809
18 1839
18 1920
18 1963
18 1964
22 155
23 1375
23 1466
23 1531
23 1593
23 1799
23 1922
23 1928
24 1836
24 1863
31 6
31 122
31 1706
33 118
43 150
43 260
43 1256
43 1693
43 1805
43 1808
43 1820
43 1923
43 1928
60 155
68 496
68 1092
68 1094
68 1138
68 1255
68 1283
68 1354
68 1383
68 1416
68 1487
68 1504
68 1510
68 1540
68 1542
68 1724
68 1775
68 1782
68 1785
68 1816
68 1819
68 1842
68 1844
68 1850
68 1864
81 1092
81 1747
84 1450
92 622
92 956
92 1324
92 1794
92 1829
92 1963
92 1971
93 118
93 196
93 283
93 1093
93 1618
93 1660
93 1669
93 1746
93 1755
93 1805
93 1815
93 1909
93 1954
100 1121
100 1333
100 1363
117 809
117 876
117 899
117 1285
117 1370
117 1652
117 1818
118 33
118 93
118 196
118 283
118 918
118 1093
118 1263
118 1660
118 1669
118 1746
118 1755
118 1805
118 1815
118 1909
118 1954
118 1958
120 746
120 950
120 1450
120 1519
122 6
122 31
122 1225
122 1706
147 1044
147 1045
147 1953
147 1974
150 18
150 43
150 196
150 259
150 260
150 316
150 490
150 711
150 877
150 884
150 1029
150 1090
150 1222
150 1252
150 1253
150 1256
150 1257
150 1429
150 1462
150 1534
150 1538
150 1544
150 1660
150 1710
150 1717
150 1738
150 1777
150 1786
150 1808
150 1810
150 1814
150 1817
150 1818
150 1819
150 1901
150 1920
150 1923
150 1942
150 1943
150 1951
155 22
155 60
169 283
169 926
169 1101
169 1142
169 1412
169 1485
169 1501
169 1724
169 1755
169 1836
169 1840
169 1952
169 1958
174 1947
182 399
182 578
182 595
182 1123
182 1654
182 1662
182 1944
188 1360
188 1579
191 1491
196 18
196 93
196 118
196 150
196 259
196 260
196 283
196 490
196 519
196 585
196 622
196 961
196 1025
196 1029
196 1037
196 1093
196 1156
196 1222
196 1325
196 1391
196 1523
196 1535
196 1538
196 1660
196 1669
196 1685
196 1746
196 1755
196 1777
196 1795
196 1805
196 1806
196 1807
196 1809
196 1810
196 1814
196 1815
196 1818
196 1819
196 1901
196 1909
196 1920
196 1940
196 1954
196 1963
219 1508
219 1902
232 861
232 924
232 1102
232 1104
232 1502
232 1523
232 1763
232 1844
232 1971
232 1973
236 1044
236 1077
236 1178
236 1296
236 1523
236 1542
236 1581
236 1591
236 1782
236 1789
236 1819
236 1844
248 5
248 255
248 259
248 793
248 956
248 980
248 1168
248 1207
248 1374
248 1954
255 248
255 288
255 876
255 938
255 956
255 1126
255 1142
255 1146
255 1420
255 1429
255 1439
255 1442
255 1456
255 1507
255 1543
255 1696
255 1716
255 1779
255 1809
255 1817
255 1839
255 1884
255 1927
255 1928
255 1954
255 1980
258 5
258 260
258 316
258 1029
258 1128
258 1383
258 1435
258 1439
258 1452
258 1462
258 1484
258 1559
258 1579
258 1648
258 1682
258 1808
258 1817
258 1831
258 1934
259 5
259 150
259 196
259 248
259 260
259 711
259 793
259 877
259 980
259 1029
259 1077
259 1119
259 1156
259 1168
259 1207
259 1252
259 1253
259 1325
259 1374
259 1391
259 1429
259 1535
259 1594
259 1806
259 1807
259 1817
259 1923
259 1940
259 1951
260 43
260 150
260 196
260 258
260 259
260 500
260 711
260 877
260 1029
260 1156
260 1228
260 1252
260 1253
260 1325
260 1383
260 1391
260 1439
260 1457
260 1535
260 1656
260 1793
260 1802
260 1807
260 1808
260 1814
260 1817
260 1819
260 1824
260 1826
260 1923
260 1934
260 1940
260 1951
262 1222
262 1620
273 356
273 1118
273 1727
273 1814
279 744
279 1222
279 1948
279 1955
283 93
283 118
283 169
283 196
283 457
283 840
283 1093
283 1118
283 1660
283 1669
283 1746
283 1755
283 1805
283 1815
283 1909
283 1954
285 877
285 1283
285 1923
288 255
288 1111
297 951
297 961
297 1008
297 1026
297 1272
297 1465
297 1579
297 1776
297 1868
297 1911
308 393
308 1093
308 1146
308 1284
308 1367
308 1843
308 1889
308 1897
308 1968
309 1195
309 1406
309 1841
316 150
316 258
316 319
316 415
316 437
316 748
316 751
316 861
316 876
316 961
316 1007
316 1046
316 1069
316 1076
316 1077
316 1102
316 1104
316 1126
316 1222
316 1228
316 1281
316 1283
316 1292
316 1296
316 1323
316 1358
316 1370
316 1377
316 1429
316 1440
316 1462
316 1537
316 1541
316 1626
316 1647
316 1753
316 1774
316 1775
316 1782
316 1802
316 1811
316 1818
316 1822
316 1823
316 1826
316 1842
316 1844
316 1933
316 1973
319 316
319 326
319 1377
319 1440
319 1757
319 1818
326 319
326 985
326 986
326 1578
328 504
328 538
330 1620
330 1844
330 1968
330 1979
335 1121
335 1244
335 1436
335 1842
336 342
336 423
336 809
336 1025
336 1092
336 1222
336 1285
336 1316
336 1383
336 1642
336 1998
340 469
340 956
340 1037
340 1049
340 1142
340 1166
340 1195
340 1411
340 1485
340 1526
340 1589
340 1640
340 1756
340 1811
340 1954
342 336
342 883
342 1050
342 1069
342 1222
342 1252
342 1442
342 1727
342 1951
342 1980
346 877
346 975
346 1065
346 1077
346 1139
346 1283
346 1456
346 1500
346 1531
346 1536
346 1538
346 1757
346 1775
346 1877
346 1884
346 1928
356 273
356 357
356 973
356 1195
357 356
358 861
358 1045
358 1097
358 1105
358 1127
358 1191
358 1225
358 1283
358 1285
358 1292
358 1294
358 1377
358 1441
358 1457
358 1534
358 1642
358 1643
358 1806
358 1809
358 1818
358 1840
358 1841
358 1884
358 1946
358 1951
358 1984
364 980
364 1286
364 1560
364 1809
364 1826
364 1942
364 1977
373 1836
376 1450
376 1643
376 1954
393 308
393 1093
393 1146
393 1284
393 1367
393 1843
393 1897
396 397
396 398
396 610
396 1366
397 396
397 398
397 610
397 1366
398 396
398 397
398 610
398 1366
399 182
399 1411
410 414
410 1057
410 1395
411 1428
413 460
413 864
413 980
413 1709
413 1831
413 1933
414 410
414 815
414 1057
414 1395
415 316
415 437
415 748
415 876
415 1126
415 1537
415 1626
415 1647
423 336
430 1488
433 1015
433 1082
433 1491
433 1677
433 1758
433 1854
433 1918
433 1938
433 1997
433 2015
437 316
437 415
437 748
437 876
437 1126
437 1462
437 1537
437 1626
437 1647
437 1744
439 607
443 497
443 1272
455 1555
457 283
460 413
460 864
460 980
460 1544
460 1709
460 1831
460 1919
460 1933
468 921
468 1528
469 340
469 1166
469 1411
469 1811
479 1707
481 1224
490 150
490 196
490 1222
490 1538
490 1660
490 1777
490 1814
490 1818
490 1819
491 1457
491 1793
493 1119
493 1323
493 1375
496 68
496 1094
496 1255
496 1283
496 1354
496 1504
496 1540
496 1542
496 1724
496 1775
496 1785
496 1816
496 1819
496 1844
496 1999
497 443
497 951
497 1026
497 1197
497 1222
497 1228
497 1272
497 1287
497 1477
497 1543
497 1545
497 1703
497 1776
497 1808
497 1824
497 1839
497 1844
498 500
498 1040
498 1197
498 1541
498 1788
498 1991
500 260
500 498
500 595
500 877
500 1040
500 1197
500 1228
500 1283
500 1457
500 1536
500 1541
500 1548
500 1656
500 1689
500 1788
500 1814
500 1816
500 1819
500 1824
500 1924
500 1934
500 1936
500 1991
504 328
504 538
515 1586
519 18
519 196
519 1523
519 1806
519 1809
519 1826
519 1920
519 1963
523 1660
537 1015
537 1285
537 1335
537 1608
537 1799
537 1962
538 328
538 504
554 1092
554 1123
554 1642
554 1687
554 1780
554 1922
554 2009
561 578
561 608
561 711
561 1005
561 1044
561 1092
561 1103
561 1105
561 1123
561 1220
561 1252
561 1255
561 1360
561 1410
561 1441
561 1526
561 1532
561 1591
561 1641
561 1644
561 1786
561 1797
561 1799
561 1817
561 1822
561 1841
561 1844
561 1904
561 1907
561 1924
561 1973
561 1974
577 1264
577 1756
578 182
578 561
578 595
578 608
578 711
578 883
578 973
578 1005
578 1044
578 1092
578 1105
578 1123
578 1220
578 1252
578 1360
578 1410
578 1441
578 1526
578 1532
578 1591
578 1599
578 1644
578 1654
578 1658
578 1662
578 1683
578 1786
578 1797
578 1799
578 1817
578 1822
578 1841
578 1907
578 1924
578 1973
585 196
585 622
585 961
585 1025
585 1037
585 1181
585 1685
585 1795
585 1920
595 182
595 500
595 578
595 709
595 1123
595 1283
595 1440
595 1442
595 1536
595 1654
595 1662
595 1689
595 1816
595 1924
595 1936
600 5
600 1139
600 1674
600 1703
607 439
607 620
607 1008
607 1013
607 1071
607 1145
607 1193
607 1195
607 1522
607 1684
607 1841
607 1903
607 1924
608 561
608 578
608 711
608 778
608 1005
608 1044
608 1092
608 1105
608 1123
608 1220
608 1252
608 1360
608 1394
608 1410
608 1441
608 1526
608 1532
608 1591
608 1644
608 1660
608 1786
608 1797
608 1799
608 1817
608 1822
608 1841
608 1903
608 1907
608 1924
608 1973
610 396
610 397
610 398
610 1366
620 607
620 679
620 1013
620 1195
620 1312
620 1865
622 92
622 196
622 585
622 711
622 809
622 956
622 961
622 1025
622 1037
622 1069
622 1091
622 1092
622 1128
622 1181
622 1285
622 1436
622 1441
622 1478
622 1479
622 1519
622 1531
622 1662
622 1685
622 1728
622 1794
622 1795
622 1822
622 1829
622 1831
622 1919
622 1920
622 1955
622 1974
622 2012
626 1966
664 1324
679 620
685 711
685 1541
685 1733
687 688
688 687
689 877
689 1156
689 1157
689 1168
689 1191
689 1535
689 1752
689 1779
689 1797
689 1806
689 1817
689 1841
689 1965
689 1971
689 1988
698 1771
709 595
709 961
709 1093
709 1130
709 1220
709 1245
709 1253
709 1284
709 1323
709 1361
709 1458
709 1489
709 1519
709 1523
709 1549
709 1558
709 1581
709 1583
709 1634
709 1647
709 1659
709 1781
709 1789
709 1804
709 1938
711 150
711 259
711 260
711 561
711 578
711 608
711 622
711 685
711 877
711 1005
711 1044
711 1092
711 1105
711 1123
711 1142
711 1220
711 1252
711 1253
711 1256
711 1360
711 1410
711 1436
711 1441
711 1461
711 1525
711 1526
711 1532
711 1537
711 1591
711 1644
711 1728
711 1733
711 1786
711 1797
711 1799
711 1817
711 1822
711 1841
711 1907
711 1918
711 1919
711 1923
711 1924
711 1951
711 1955
711 1973
711 1974
713 1375
719 1106
737 910
737 1245
737 1323
737 1453
737 1549
737 1648
737 1728
737 1763
737 1821
737 1959
744 279
744 890
744 1222
744 1416
744 1617
744 1794
744 1948
744 1955
746 120
746 1519
747 1952
748 316
748 415
748 437
748 876
748 1082
748 1126
748 1537
748 1626
748 1647
748 2015
751 316
751 861
751 877
751 961
751 1007
751 1046
751 1069
751 1076
751 1077
751 1102
751 1104
751 1222
751 1228
751 1281
751 1292
751 1296
751 1323
751 1358
751 1370
751 1377
751 1385
751 1440
751 1523
751 1538
751 1541
751 1588
751 1753
751 1774
751 1782
751 1804
751 1811
751 1814
751 1818
751 1822
751 1823
751 1842
751 1844
751 1933
751 1934
751 1973
777 1457
777 1813
778 608
778 1005
778 1394
778 1660
778 1903
786 956
786 1040
786 1112
786 1285
786 1440
786 1641
786 1919
786 1981
786 2015
793 5
793 248
793 259
793 980
793 1168
793 1207
793 1374
798 1104
798 1523
798 1536
798 1587
809 117
809 336
809 622
809 972
809 1523
809 1669
809 1998
813 1937
815 414
815 1395
825 1318
840 283
840 861
840 1044
840 1118
840 1245
840 1689
840 1908
840 1973
861 232
861 316
861 358
861 751
861 840
861 924
861 961
861 1007
861 1045
861 1046
861 1069
861 1076
861 1077
861 1102
861 1104
861 1105
861 1127
861 1132
861 1191
861 1222
861 1225
861 1228
861 1281
861 1283
861 1285
861 1292
861 1294
861 1296
861 1323
861 1358
861 1370
861 1377
861 1440
861 1441
861 1453
861 1457
861 1490
861 1534
861 1642
861 1643
861 1656
861 1753
861 1763
861 1774
861 1782
861 1806
861 1809
861 1811
861 1818
861 1822
861 1823
861 1840
861 1841
861 1842
861 1844
861 1856
861 1933
861 1953
861 1963
861 1968
861 1973
864 413
864 460
864 980
864 1709
864 1751
864 1831
864 1933
876 117
876 255
876 316
876 415
876 437
876 748
876 899
876 1045
876 1126
876 1142
876 1146
876 1429
876 1456
876 1537
876 1541
876 1626
876 1647
876 1694
876 1800
876 1808
876 1814
876 1817
876 1819
876 1821
876 1839
876 1840
876 1843
876 1844
876 1963
877 150
877 259
877 260
877 285
877 346
877 500
877 689
877 711
877 751
877 975
877 1102
877 1139
877 1157
877 1168
877 1193
877 1195
877 1220
877 1228
877 1252
877 1253
877 1269
877 1283
877 1323
877 1420
877 1457
877 1523
877 1525
877 1535
877 1538
877 1542
877 1596
877 1656
877 1722
877 1757
877 1779
877 1782
877 1797
877 1801
877 1804
877 1814
877 1817
877 1819
877 1824
877 1853
877 1923
877 1928
877 1934
877 1951
877 1965
877 1971
883 342
883 578
883 973
883 1050
883 1092
883 1442
883 1599
883 1658
883 1683
883 1980
884 18
884 150
884 1029
884 1462
884 1786
888 1026
888 1288
890 744
890 972
890 1416
890 1617
890 1894
895 1101
895 2008
899 117
899 876
899 1410
910 737
910 1763
918 118
918 980
918 1773
918 1958
920 1011
920 1117
920 1126
920 1157
920 1389
920 1694
920 1810
921 468
924 232
924 861
924 1763
926 169
926 1066
926 1142
926 1283
926 1360
926 1840
926 1888
926 1902
926 1910
926 2006
938 255
938 1429
938 1507
938 1618
938 1696
938 1716
938 1779
938 1809
938 1817
938 1863
938 1884
938 1927
950 120
950 961
950 1029
950 1077
950 1081
950 1292
950 1442
950 1456
950 1523
950 1549
950 1581
950 1586
950 1597
950 1644
950 1789
950 1801
950 1822
950 1924
951 297
951 497
951 961
951 1197
951 1272
951 1579
951 1703
951 1776
951 1824
951 1839
951 1911
952 1258
952 1961
956 92
956 248
956 255
956 340
956 622
956 786
956 973
956 1025
956 1040
956 1112
956 1128
956 1145
956 1193
956 1285
956 1286
956 1316
956 1384
956 1440
956 1441
956 1458
956 1477
956 1531
956 1596
956 1626
956 1640
956 1641
956 1753
956 1794
956 1806
956 1829
956 1906
956 1907
956 1910
956 1919
956 1933
956 1948
956 1954
956 1962
956 1981
956 2007
956 2015
961 196
961 297
961 316
961 585
961 622
961 709
961 751
961 861
961 950
961 951
961 1007
961 1025
961 1037
961 1044
961 1045
961 1046
961 1069
961 1076
961 1077
961 1081
961 1092
961 1102
961 1104
961 1127
961 1128
961 1130
961 1146
961 1222
961 1228
961 1272
961 1281
961 1285
961 1292
961 1296
961 1358
961 1370
961 1377
961 1436
961 1440
961 1442
961 1456
961 1458
961 1489
961 1510
961 1519
961 1523
961 1531
961 1532
961 1549
961 1579
961 1581
961 1583
961 1586
961 1597
961 1634
961 1642
961 1644
961 1647
961 1685
961 1753
961 1774
961 1775
961 1776
961 1782
961 1789
961 1795
961 1804
961 1811
961 1818
961 1822
961 1823
961 1840
961 1842
961 1844
961 1911
961 1920
961 1921
961 1924
961 1933
961 1938
961 1973
964 1019
964 1207
964 1966
964 2011
970 1264
972 809
972 890
972 1104
972 1253
972 1383
972 1416
972 1523
972 1525
972 1669
972 1703
972 1775
972 1894
972 1909
973 356
973 578
973 883
973 956
973 1092
973 1128
973 1599
973 1658
973 1683
975 346
975 877
975 1076
975 1103
975 1139
975 1281
975 1283
975 1285
975 1294
975 1538
975 1744
975 1757
975 1774
975 1798
975 1822
975 1928
975 1998
980 5
980 248
980 259
980 364
980 413
980 460
980 793
980 864
980 918
980 1168
980 1207
980 1286
980 1374
980 1643
980 1709
980 1809
980 1826
980 1831
980 1933
980 1942
980 1947
980 1977
983 1348
983 1792
983 1936
983 2011
985 326
985 986
985 1225
985 1578
985 1980
986 326
986 985
986 1090
986 1225
986 1269
986 1578
986 1596
986 1612
986 1661
986 1809
986 1918
986 2015
992 1581
997 1191
1001 1119
1001 1652
1001 1928
1002 1323
1002 1724
1002 1757
1002 1781
1004 1644
1005 561
1005 578
1005 608
1005 711
1005 778
1005 1044
1005 1092
1005 1105
1005 1123
1005 1220
1005 1252
1005 1360
1005 1394
1005 1410
1005 1441
1005 1526
1005 1532
1005 1591
1005 1644
1005 1660
1005 1786
1005 1797
1005 1799
1005 1817
1005 1822
1005 1841
1005 1903
1005 1907
1005 1924
1005 1973
1007 316
1007 751
1007 861
1007 961
1007 1044
1007 1045
1007 1046
1007 1069
1007 1076
1007 1077
1007 1081
1007 1102
1007 1104
1007 1222
1007 1228
1007 1281
1007 1292
1007 1296
1007 1357
1007 1358
1007 1367
1007 1369
1007 1370
1007 1377
1007 1440
1007 1510
1007 1523
1007 1545
1007 1548
1007 1549
1007 1581
1007 1586
1007 1597
1007 1753
1007 1774
1007 1782
1007 1784
1007 1787
1007 1789
1007 1811
1007 1816
1007 1818
1007 1822
1007 1823
1007 1842
1007 1844
1007 1861
1007 1933
1007 1973
1008 297
1008 607
1008 1026
1008 1272
1008 1465
1008 1558
1008 1586
1008 1820
1008 1903
1008 1924
1011 920
1011 1105
1011 1883
1011 1968
1013 607
1013 620
1013 1111
1013 1195
1013 1589
1013 1805
1013 1841
1015 433
1015 537
1015 1071
1015 1082
1015 1111
1015 1143
1015 1153
1015 1195
1015 1285
1015 1346
1015 1491
1015 1531
1015 1654
1015 1677
1015 1758
1015 1774
1015 1796
1015 1822
1015 1841
1015 1854
1015 1910
1015 1918
1015 1938
1015 1966
1015 1977
1015 1997
1015 2015
1019 964
1019 1105
1019 1791
1019 1792
1019 1902
1019 1977
1019 2009
1023 1076
1023 1285
1023 1294
1023 1658
1023 1980
1024 1919
1025 196
1025 336
1025 585
1025 622
1025 956
1025 961
1025 1037
1025 1069
1025 1076
1025 1077
1025 1092
1025 1127
1025 1128
1025 1146
1025 1285
1025 1292
1025 1316
1025 1383
1025 1436
1025 1442
1025 1456
1025 1458
1025 1478
1025 1519
1025 1523
1025 1531
1025 1532
1025 1548
1025 1640
1025 1642
1025 1644
1025 1685
1025 1770
1025 1775
1025 1788
1025 1795
1025 1829
1025 1840
1025 1844
1025 1920
1025 1921
1025 1924
1025 1938
1026 297
1026 497
1026 888
1026 1008
1026 1272
1026 1288
1026 1465
1026 1647
1029 18
1029 150
1029 196
1029 258
1029 259
1029 260
1029 884
1029 950
1029 1077
1029 1156
1029 1325
1029 1383
1029 1391
1029 1429
1029 1435
1029 1462
1029 1535
1029 1786
1029 1807
1029 1810
1029 1817
1029 1901
1029 1920
1029 1940
1037 196
1037 340
1037 585
1037 622
1037 961
1037 1025
1037 1142
1037 1685
1037 1795
1037 1920
1037 1954
1039 1093
1039 1222
1039 1244
1039 1660
1039 1777
1039 1784
1040 498
1040 500
1040 786
1040 956
1040 1044
1040 1071
1040 1073
1040 1086
1040 1112
1040 1130
1040 1197
1040 1285
1040 1440
1040 1541
1040 1641
1040 1658
1040 1661
1040 1788
1040 1841
1040 1919
1040 1937
1040 1981
1040 1991
1040 2015
1044 6
1044 147
1044 236
1044 561
1044 578
1044 608
1044 711
1044 840
1044 961
1044 1005
1044 1007
1044 1040
1044 1045
1044 1073
1044 1077
1044 1081
1044 1092
1044 1105
1044 1123
1044 1220
1044 1225
1044 1252
1044 1292
1044 1294
1044 1323
1044 1360
1044 1410
1044 1441
1044 1461
1044 1506
1044 1510
1044 1526
1044 1532
1044 1542
1044 1581
1044 1586
1044 1591
1044 1641
1044 1644
1044 1689
1044 1781
1044 1786
1044 1789
1044 1797
1044 1799
1044 1801
1044 1817
1044 1819
1044 1822
1044 1825
1044 1827
1044 1841
1044 1842
1044 1844
1044 1907
1044 1908
1044 1924
1044 1953
1044 1963
1044 1973
1044 1974
1045 147
1045 358
1045 861
1045 876
1045 961
1045 1007
1045 1044
1045 1077
1045 1081
1045 1105
1045 1127
1045 1191
1045 1220
1045 1225
1045 1281
1045 1283
1045 1285
1045 1292
1045 1294
1045 1323
1045 1377
1045 1441
1045 1457
1045 1510
1045 1534
1045 1581
1045 1586
1045 1641
1045 1642
1045 1643
1045 1647
1045 1781
1045 1789
1045 1806
1045 1809
1045 1814
1045 1817
1045 1818
1045 1819
1045 1840
1045 1841
1045 1844
1045 1908
1045 1953
1045 1963
1045 1974
1046 316
1046 751
1046 861
1046 961
1046 1007
1046 1069
1046 1076
1046 1077
1046 1102
1046 1104
1046 1222
1046 1228
1046 1281
1046 1292
1046 1296
1046 1358
1046 1370
1046 1377
1046 1440
1046 1591
1046 1753
1046 1774
1046 1782
1046 1811
1046 1818
1046 1822
1046 1823
1046 1842
1046 1844
1046 1933
1046 1973
1049 340
1049 1076
1049 1282
1049 1309
1049 1526
1049 1579
1049 1586
1049 1589
1049 1679
1049 1703
1049 1756
1049 1936
1050 342
1050 883
1050 1442
1050 1980
1057 410
1057 414
1057 1395
1057 1721
1065 346
1065 1077
1065 1225
1065 1282
1065 1296
1065 1324
1065 1385
1065 1531
1065 1581
1065 1584
1065 1586
1065 1784
1065 1786
1065 1789
1065 1824
1065 1940
1066 926
1066 1283
1066 1818
1066 2006
1068 1253
1068 1358
1068 1458
1068 1523
1068 1542
1068 1576
1068 1653
1068 1660
1068 1722
1068 1750
1068 1775
1068 1802
1068 1812
1068 1813
1068 1815
1068 1822
1068 1831
1068 1839
1068 1861
1068 1933
1068 1963
1069 316
1069 342
1069 622
1069 751
1069 861
1069 961
1069 1007
1069 1025
1069 1046
1069 1076
1069 1077
1069 1102
1069 1104
1069 1128
1069 1222
1069 1228
1069 1281
1069 1285
1069 1292
1069 1296
1069 1358
1069 1370
1069 1377
1069 1440
1069 1458
1069 1519
1069 1531
1069 1532
1069 1753
1069 1774
1069 1782
1069 1811
1069 1818
1069 1822
1069 1823
1069 1842
1069 1844
1069 1921
1069 1924
1069 1933
1069 1973
1071 607
1071 1015
1071 1040
1071 1086
1071 1111
1071 1195
1071 1654
1071 1796
1071 1825
1071 1841
1071 1910
1071 1937
1071 1966
1071 1977
1073 1040
1073 1044
1073 1121
1073 1285
1073 1370
1073 1383
1073 1433
1073 1776
1073 1842
1076 316
1076 751
1076 861
1076 961
1076 975
1076 1007
1076 1023
1076 1025
1076 1046
1076 1049
1076 1069
1076 1077
1076 1102
1076 1103
1076 1104
1076 1128
1076 1222
1076 1228
1076 1281
1076 1282
1076 1285
1076 1292
1076 1294
1076 1296
1076 1309
1076 1358
1076 1370
1076 1377
1076 1440
1076 1458
1076 1531
1076 1532
1076 1579
1076 1586
1076 1658
1076 1679
1076 1703
1076 1753
1076 1774
1076 1782
1076 1811
1076 1816
1076 1818
1076 1822
1076 1823
1076 1842
1076 1844
1076 1921
1076 1924
1076 1933
1076 1936
1076 1973
1076 1980
1077 236
1077 259
1077 316
1077 346
1077 751
1077 861
1077 950
1077 961
1077 1007
1077 1025
1077 1029
1077 1044
1077 1045
1077 1046
1077 1065
1077 1069
1077 1076
1077 1081
1077 1102
1077 1104
1077 1105
1077 1127
1077 1146
1077 1178
1077 1222
1077 1228
1077 1281
1077 1283
1077 1292
1077 1296
1077 1358
1077 1370
1077 1377
1077 1385
1077 1429
1077 1436
1077 1440
1077 1442
1077 1456
1077 1510
1077 1523
1077 1536
1077 1581
1077 1586
1077 1597
1077 1642
1077 1648
1077 1753
1077 1774
1077 1775
1077 1782
1077 1784
1077 1789
1077 1811
1077 1817
1077 1818
1077 1822
1077 1823
1077 1824
1077 1840
1077 1842
1077 1844
1077 1909
1077 1924
1077 1933
1077 1938
1077 1973
1081 950
1081 961
1081 1007
1081 1044
1081 1045
1081 1077
1081 1192
1081 1292
1081 1510
1081 1581
1081 1586
1081 1597
1081 1789
1081 1793
1081 1822
1081 1824
1081 1855
1081 1924
1082 433
1082 748
1082 1015
1082 1491
1082 1677
1082 1758
1082 1854
1082 1918
1082 1938
1082 1968
1082 1997
1082 2015
1086 1040
1086 1071
1086 1195
1086 1255
1086 1394
1086 1596
1086 1644
1086 1661
1086 1793
1086 1835
1086 1918
1086 1937
1087 1375
1087 1745
1087 1747
1090 150
1090 986
1090 1106
1090 1193
1090 1220
1090 1253
1090 1255
1090 1256
1090 1257
1090 1282
1090 1441
1090 1462
1090 1527
1090 1534
1090 1710
1090 1777
1090 1786
1090 1792
1090 1801
1090 1809
1090 1817
1090 1819
1090 1827
1090 1922
1090 1923
1090 1942
1091 622
1091 1128
1091 1285
1091 1479
1091 1531
1091 1831
1092 68
1092 81
1092 336
1092 554
1092 561
1092 578
1092 608
1092 622
1092 711
1092 883
1092 961
1092 973
1092 1005
1092 1025
1092 1044
1092 1105
1092 1123
1092 1128
1092 1220
1092 1238
1092 1252
1092 1285
1092 1316
1092 1360
1092 1383
1092 1410
1092 1416
1092 1441
1092 1487
1092 1510
1092 1526
1092 1532
1092 1591
1092 1599
1092 1644
1092 1658
1092 1683
1092 1772
1092 1786
1092 1797
1092 1799
1092 1817
1092 1822
1092 1841
1092 1842
1092 1850
1092 1864
1092 1907
1092 1924
1092 1973
1092 2009
1093 93
1093 118
1093 196
1093 283
1093 308
1093 393
1093 709
1093 1039
1093 1094
1093 1146
1093 1222
1093 1253
1093 1284
1093 1367
1093 1458
1093 1523
1093 1537
1093 1659
1093 1660
1093 1669
1093 1694
1093 1746
1093 1755
1093 1784
1093 1800
1093 1805
1093 1815
1093 1843
1093 1897
1093 1902
1093 1909
1093 1954
1093 1969
1094 68
1094 496
1094 1093
1094 1138
1094 1220
1094 1255
1094 1283
1094 1354
1094 1504
1094 1540
1094 1542
1094 1623
1094 1724
1094 1728
1094 1775
1094 1785
1094 1802
1094 1814
1094 1816
1094 1819
1094 1844
1094 1916
1094 1917
1094 1967
1096 1692
1096 1825
1096 1937
1097 358
1097 1884
1097 1946
1097 1951
1101 169
1101 895
1101 1412
1101 1501
1101 1958
1102 232
1102 316
1102 751
1102 861
1102 877
1102 961
1102 1007
1102 1046
1102 1069
1102 1076
1102 1077
1102 1103
1102 1104
1102 1222
1102 1228
1102 1281
1102 1292
1102 1296
1102 1358
1102 1370
1102 1377
1102 1440
1102 1502
1102 1523
1102 1542
1102 1722
1102 1753
1102 1774
1102 1782
1102 1801
1102 1802
1102 1811
1102 1818
1102 1822
1102 1823
1102 1842
1102 1844
1102 1853
1102 1861
1102 1933
1102 1970
1102 1971
1102 1973
1102 1977
1103 561
1103 975
1103 1076
1103 1102
1103 1255
1103 1281
1103 1282
1103 1285
1103 1294
1103 1540
1103 1744
1103 1774
1103 1782
1103 1801
1103 1802
1103 1822
1103 1844
1103 1853
1103 1861
1103 1904
1103 1973
1103 1974
1104 232
1104 316
1104 751
1104 798
1104 861
1104 961
1104 972
1104 1007
1104 1046
1104 1069
1104 1076
1104 1077
1104 1102
1104 1222
1104 1228
1104 1281
1104 1292
1104 1296
1104 1358
1104 1361
1104 1370
1104 1377
1104 1410
1104 1440
1104 1502
1104 1523
1104 1525
1104 1536
1104 1587
1104 1641
1104 1753
1104 1774
1104 1782
1104 1811
1104 1818
1104 1821
1104 1822
1104 1823
1104 1842
1104 1844
1104 1894
1104 1933
1104 1971
1104 1973
1105 358
1105 561
1105 578
1105 608
1105 711
1105 861
1105 1005
1105 1011
1105 1019
1105 1044
1105 1045
1105 1077
1105 1092
1105 1123
1105 1127
1105 1191
1105 1220
1105 1225
1105 1252
1105 1283
1105 1285
1105 1292
1105 1294
1105 1305
1105 1335
1105 1360
1105 1377
1105 1410
1105 1441
1105 1457
1105 1526
1105 1532
1105 1534
1105 1591
1105 1612
1105 1613
1105 1642
1105 1643
1105 1644
1105 1692
1105 1786
1105 1797
1105 1799
1105 1806
1105 1809
1105 1817
1105 1818
1105 1822
1105 1840
1105 1841
1105 1883
1105 1907
1105 1924
1105 1962
1105 1973
1105 1977
1105 1980
1106 719
1106 1090
1106 1193
1106 1255
1106 1282
1106 1441
1106 1527
1106 1534
1106 1777
1106 1786
1106 1792
1106 1801
1106 1819
1106 1827
1106 1923
1111 288
1111 1013
1111 1015
1111 1071
1111 1195
1111 1589
1111 1654
1111 1791
1111 1796
1111 1830
1111 1841
1111 1966
1111 1977
1112 786
1112 956
1112 1040
1112 1285
1112 1440
1112 1641
1112 1919
1112 1981
1112 2015
1117 920
1117 1126
1117 1810
1118 273
1118 283
1118 840
1118 1814
1119 259
1119 493
1119 1001
1119 1652
1119 1928
1121 100
1121 335
1121 1073
1121 1244
1121 1285
1121 1333
1121 1363
1121 1370
1121 1383
1121 1433
1121 1436
1121 1776
1121 1842
1123 182
1123 554
1123 561
1123 578
1123 595
1123 608
1123 711
1123 1005
1123 1044
1123 1092
1123 1105
1123 1220
1123 1252
1123 1360
1123 1410
1123 1441
1123 1526
1123 1532
1123 1591
1123 1644
1123 1654
1123 1662
1123 1786
1123 1797
1123 1799
1123 1817
1123 1822
1123 1841
1123 1907
1123 1924
1123 1936
1123 1973
1123 2009
1126 255
1126 316
1126 415
1126 437
1126 748
1126 876
1126 920
1126 1117
1126 1462
1126 1537
1126 1585
1126 1626
1126 1647
1126 1676
1126 1810
1127 358
1127 861
1127 961
1127 1025
1127 1045
1127 1077
1127 1105
1127 1145
1127 1146
1127 1191
1127 1198
1127 1225
1127 1283
1127 1285
1127 1292
1127 1294
1127 1323
1127 1369
1127 1377
1127 1394
1127 1435
1127 1436
1127 1441
1127 1442
1127 1456
1127 1457
1127 1523
1127 1534
1127 1540
1127 1545
1127 1583
1127 1642
1127 1643
1127 1647
1127 1775
1127 1806
1127 1809
1127 1813
1127 1814
1127 1816
1127 1818
1127 1820
1127 1821
1127 1822
1127 1839
1127 1840
1127 1841
1127 1844
1127 1938
1128 5
1128 258
1128 622
1128 956
1128 961
1128 973
1128 1025
1128 1069
1128 1076
1128 1091
1128 1092
1128 1142
1128 1191
1128 1285
1128 1367
1128 1383
1128 1452
1128 1458
1128 1462
1128 1478
1128 1479
1128 1519
1128 1531
1128 1532
1128 1788
1128 1799
1128 1829
1128 1831
1128 1921
1128 1924
1130 709
1130 961
1130 1040
1130 1938
1132 861
1132 1323
1132 1453
1132 1656
1132 1856
1132 1963
1138 68
1138 1094
1138 1245
1138 1255
1138 1354
1138 1394
1138 1457
1138 1676
1138 1724
1138 1810
1138 1844
1138 1916
1138 1919
1139 346
1139 600
1139 877
1139 975
1139 1283
1139 1538
1139 1674
1139 1757
1139 1928
1142 169
1142 255
1142 340
1142 711
1142 876
1142 926
1142 1037
1142 1128
1142 1146
1142 1191
1142 1256
1142 1367
1142 1456
1142 1462
1142 1525
1142 1543
1142 1618
1142 1672
1142 1730
1142 1829
1142 1839
1142 1840
1142 1954
1142 1958
1143 1015
1143 1153
1143 1285
1143 1608
1143 1823
1143 1938
1143 2015
1145 607
1145 956
1145 1127
1145 1286
1145 1394
1145 1522
1145 1549
1145 1587
1145 1813
1145 1826
1145 1904
1145 1962
1145 1966
1145 1982
1145 1991
1146 255
1146 308
1146 393
1146 876
1146 961
1146 1025
1146 1077
1146 1093
1146 1127
1146 1142
1146 1181
1146 1283
1146 1284
1146 1292
1146 1367
1146 1436
1146 1442
1146 1456
1146 1462
1146 1523
1146 1543
1146 1545
1146 1642
1146 1647
1146 1730
1146 1775
1146 1780
1146 1782
1146 1839
1146 1840
1146 1843
1146 1844
1146 1897
1146 1902
1146 1922
1146 1938
1153 1015
1153 1143
1153 1285
1153 1591
1153 1938
1153 2015
1156 196
1156 259
1156 260
1156 689
1156 1029
1156 1325
1156 1391
1156 1435
1156 1531
1156 1535
1156 1642
1156 1669
1156 1781
1156 1793
1156 1802
1156 1807
1156 1817
1156 1826
1156 1840
1156 1940
1157 689
1157 877
1157 920
1157 1168
1157 1429
1157 1535
1157 1779
1157 1797
1157 1808
1157 1817
1157 1965
1157 1971
1166 340
1166 469
1166 1411
1166 1643
1166 1811
1168 5
1168 248
1168 259
1168 689
1168 793
1168 877
1168 980
1168 1157
1168 1207
1168 1374
1168 1535
1168 1779
1168 1797
1168 1817
1168 1965
1168 1971
1174 1758
1174 1850
1174 1976
1175 1484
1175 1755
1175 2008
1178 236
1178 1077
1178 1296
1178 1523
1178 1782
1178 1789
1178 1816
1178 1888
1178 1926
1181 585
1181 622
1181 1146
1181 1543
1186 1450
1187 1544
1187 1782
1187 1821
1189 1753
1191 358
1191 689
1191 861
1191 997
1191 1045
1191 1105
1191 1127
1191 1128
1191 1142
1191 1225
1191 1283
1191 1285
1191 1292
1191 1294
1191 1324
1191 1367
1191 1377
1191 1441
1191 1457
1191 1462
1191 1534
1191 1642
1191 1643
1191 1649
1191 1779
1191 1806
1191 1809
1191 1818
1191 1829
1191 1840
1191 1841
1191 1855
1192 1081
1192 1921
1192 1982
1193 607
1193 877
1193 956
1193 1090
1193 1106
1193 1195
1193 1220
1193 1230
1193 1253
1193 1255
1193 1269
1193 1282
1193 1356
1193 1384
1193 1436
1193 1441
1193 1477
1193 1527
1193 1534
1193 1596
1193 1684
1193 1709
1193 1777
1193 1786
1193 1792
1193 1795
1193 1801
1193 1819
1193 1827
1193 1841
1193 1910
1193 1923
1193 1933
1193 1966
1195 16
1195 309
1195 340
1195 356
1195 607
1195 620
1195 877
1195 1013
1195 1015
1195 1071
1195 1086
1195 1111
1195 1193
1195 1220
1195 1223
1195 1230
1195 1253
1195 1269
1195 1356
1195 1406
1195 1436
1195 1527
1195 1589
1195 1590
1195 1596
1195 1654
1195 1661
1195 1709
1195 1795
1195 1796
1195 1813
1195 1841
1195 1912
1195 1913
1195 1918
1195 1966
1195 1977
1197 497
1197 498
1197 500
1197 951
1197 1040
1197 1433
1197 1541
1197 1703
1197 1776
1197 1788
1197 1824
1197 1827
1197 1839
1197 1991
1198 1127
1198 1540
1198 1814
1198 1820
1198 1821
1204 1264
1205 1216
1205 1230
1205 1644
1205 1689
1205 1692
1205 1924
1205 1936
1207 5
1207 248
1207 259
1207 793
1207 964
1207 980
1207 1168
1207 1374
1207 1817
1207 1966
1216 1205
1216 1689
1216 1924
1216 1936
1217 1873
1217 1938
1217 1963
1220 561
1220 578
1220 608
1220 709
1220 711
1220 877
1220 1005
1220 1044
1220 1045
1220 1090
1220 1092
1220 1094
1220 1105
1220 1123
1220 1193
1220 1195
1220 1245
1220 1252
1220 1253
1220 1257
1220 1269
1220 1284
1220 1323
1220 1360
1220 1410
1220 1441
1220 1526
1220 1532
1220 1540
1220 1544
1220 1558
1220 1581
1220 1591
1220 1596
1220 1644
1220 1741
1220 1752
1220 1753
1220 1781
1220 1786
1220 1797
1220 1799
1220 1817
1220 1822
1220 1841
1220 1844
1220 1907
1220 1919
1220 1924
1220 1936
1220 1973
1221 1722
1222 150
1222 196
1222 262
1222 279
1222 316
1222 336
1222 342
1222 490
1222 497
1222 744
1222 751
1222 861
1222 961
1222 1007
1222 1039
1222 1046
1222 1069
1222 1076
1222 1077
1222 1093
1222 1102
1222 1104
1222 1228
1222 1281
1222 1292
1222 1296
1222 1357
1222 1358
1222 1367
1222 1369
1222 1370
1222 1377
1222 1440
1222 1449
1222 1538
1222 1543
1222 1545
1222 1548
1222 1549
1222 1588
1222 1597
1222 1620
1222 1660
1222 1753
1222 1774
1222 1777
1222 1782
1222 1784
1222 1787
1222 1808
1222 1811
1222 1814
1222 1816
1222 1818
1222 1819
1222 1822
1222 1823
1222 1842
1222 1844
1222 1933
1222 1934
1222 1948
1222 1955
1222 1973
1223 1195
1223 1596
1224 481
1224 1777
1224 1802
1224 1814
1224 1843
1224 1916
1224 1967
1224 2005
1225 6
1225 122
1225 358
1225 861
1225 985
1225 986
1225 1044
1225 1045
1225 1065
1225 1105
1225 1127
1225 1191
1225 1282
1225 1283
1225 1285
1225 1292
1225 1294
1225 1324
1225 1377
1225 1441
1225 1457
1225 1534
1225 1584
1225 1642
1225 1643
1225 1644
1225 1706
1225 1786
1225 1806
1225 1809
1225 1818
1225 1824
1225 1825
1225 1840
1225 1841
1225 1940
1228 260
1228 316
1228 497
1228 500
1228 751
1228 861
1228 877
1228 961
1228 1007
1228 1046
1228 1069
1228 1076
1228 1077
1228 1102
1228 1104
1228 1222
1228 1230
1228 1281
1228 1292
1228 1296
1228 1358
1228 1370
1228 1377
1228 1440
1228 1457
1228 1523
1228 1543
1228 1656
1228 1753
1228 1774
1228 1782
1228 1784
1228 1789
1228 1808
1228 1811
1228 1814
1228 1818
1228 1819
1228 1822
1228 1823
1228 1824
1228 1842
1228 1844
1228 1909
1228 1933
1228 1934
1228 1973
1230 1193
1230 1195
1230 1205
1230 1228
1230 1253
1230 1356
1230 1367
1230 1436
1230 1458
1230 1478
1230 1685
1230 1709
1230 1795
1230 1829
1230 1966
1237 1804
1238 1092
1238 1494
1238 1559
1244 335
1244 1039
1244 1121
1244 1436
1244 1842
1245 709
1245 737
1245 840
1245 1138
1245 1220
1245 1284
1245 1323
1245 1394
1245 1453
1245 1457
1245 1549
1245 1558
1245 1581
1245 1648
1245 1676
1245 1728
1245 1781
1245 1810
1245 1821
1245 1868
1245 1916
1245 1919
1245 1923
1245 1959
1245 1973
1248 1442
1248 1461
1248 1902
1252 150
1252 259
1252 260
1252 342
1252 561
1252 578
1252 608
1252 711
1252 877
1252 1005
1252 1044
1252 1092
1252 1105
1252 1123
1252 1220
1252 1253
1252 1360
1252 1410
1252 1441
1252 1526
1252 1532
1252 1536
1252 1591
1252 1644
1252 1751
1252 1786
1252 1797
1252 1799
1252 1817
1252 1822
1252 1841
1252 1907
1252 1909
1252 1923
1252 1924
1252 1951
1252 1973
1252 1979
1253 150
1253 259
1253 260
1253 709
1253 711
1253 877
1253 972
1253 1068
1253 1090
1253 1093
1253 1193
1253 1195
1253 1220
1253 1230
1253 1252
1253 1269
1253 1356
1253 1436
1253 1458
1253 1523
1253 1596
1253 1641
1253 1642
1253 1659
1253 1660
1253 1709
1253 1750
1253 1775
1253 1793
1253 1795
1253 1813
1253 1815
1253 1817
1253 1822
1253 1825
1253 1831
1253 1839
1253 1908
1253 1922
1253 1923
1253 1951
1253 1966
1253 1999
1255 68
1255 496
1255 561
1255 1086
1255 1090
1255 1094
1255 1103
1255 1106
1255 1138
1255 1193
1255 1282
1255 1283
1255 1354
1255 1394
1255 1424
1255 1441
1255 1504
1255 1527
1255 1534
1255 1540
1255 1542
1255 1644
1255 1724
1255 1775
1255 1777
1255 1785
1255 1786
1255 1792
1255 1801
1255 1816
1255 1819
1255 1827
1255 1844
1255 1904
1255 1923
1255 1974
1256 43
1256 150
1256 711
1256 1090
1256 1142
1256 1462
1256 1525
1256 1544
1256 1585
1256 1710
1256 1805
1256 1808
1256 1817
1256 1820
1256 1900
1256 1942
1257 150
1257 1090
1257 1220
1257 1377
1257 1429
1257 1534
1257 1544
1257 1717
1257 1807
1257 1811
1257 1901
1257 1920
1257 1924
1257 1941
1257 1943
1258 952
1258 1684
1263 118
1263 1958
1264 577
1264 970
1264 1204
1264 1476
1264 1756
1269 877
1269 986
1269 1193
1269 1195
1269 1220
1269 1253
1269 1542
1269 1596
1269 1612
1269 1661
1269 1688
1269 1831
1269 1918
1269 2015
1272 297
1272 443
1272 497
1272 951
1272 961
1272 1008
1272 1026
1272 1288
1272 1465
1272 1579
1272 1776
1272 1817
1272 1911
1272 2006
1281 316
1281 751
1281 861
1281 961
1281 975
1281 1007
1281 1045
1281 1046
1281 1069
1281 1076
1281 1077
1281 1102
1281 1103
1281 1104
1281 1222
1281 1228
1281 1285
1281 1292
1281 1294
1281 1296
1281 1358
1281 1370
1281 1377
1281 1440
1281 1647
1281 1753
1281 1774
1281 1775
1281 1782
1281 1811
1281 1815
1281 1818
1281 1822
1281 1823
1281 1842
1281 1844
1281 1933
1281 1973
1281 1998
1282 1049
1282 1065
1282 1076
1282 1090
1282 1103
1282 1106
1282 1193
1282 1225
1282 1255
1282 1309
1282 1324
1282 1436
1282 1441
1282 1442
1282 1527
1282 1534
1282 1579
1282 1584
1282 1586
1282 1679
1282 1703
1282 1777
1282 1786
1282 1792
1282 1801
1282 1819
1282 1824
1282 1827
1282 1923
1282 1936
1282 1940
1283 68
1283 285
1283 316
1283 346
1283 358
1283 496
1283 500
1283 595
1283 861
1283 877
1283 926
1283 975
1283 1045
1283 1066
1283 1077
1283 1094
1283 1105
1283 1127
1283 1139
1283 1146
1283 1191
1283 1225
1283 1255
1283 1285
1283 1292
1283 1294
1283 1354
1283 1377
1283 1420
1283 1429
1283 1441
1283 1456
1283 1457
1283 1504
1283 1534
1283 1536
1283 1538
1283 1540
1283 1542
1283 1543
1283 1545
1283 1642
1283 1643
1283 1672
1283 1724
1283 1730
1283 1757
1283 1775
1283 1785
1283 1802
1283 1806
1283 1809
1283 1816
1283 1818
1283 1819
1283 1840
1283 1841
1283 1844
1283 1923
1283 1928
1283 2006
1284 308
1284 393
1284 709
1284 1093
1284 1146
1284 1220
1284 1245
1284 1323
1284 1367
1284 1558
1284 1581
1284 1781
1284 1843
1284 1897
1285 117
1285 336
1285 358
1285 537
1285 622
1285 786
1285 861
1285 956
1285 961
1285 975
1285 1015
1285 1023
1285 1025
1285 1040
1285 1045
1285 1069
1285 1073
1285 1076
1285 1091
1285 1092
1285 1103
1285 1105
1285 1112
1285 1121
1285 1127
1285 1128
1285 1143
1285 1153
1285 1191
1285 1225
1285 1281
1285 1283
1285 1292
1285 1294
1285 1316
1285 1370
1285 1377
1285 1383
1285 1433
1285 1440
1285 1441
1285 1457
1285 1458
1285 1479
1285 1531
1285 1532
1285 1534
1285 1623
1285 1641
1285 1642
1285 1643
1285 1678
1285 1774
1285 1776
1285 1786
1285 1788
1285 1806
1285 1809
1285 1818
1285 1820
1285 1822
1285 1831
1285 1840
1285 1841
1285 1842
1285 1919
1285 1921
1285 1924
1285 1938
1285 1973
1285 1981
1285 2015
1286 364
1286 956
1286 980
1286 1145
1286 1458
1286 1596
1286 1626
1286 1654
1286 1698
1286 1806
1286 1809
1286 1817
1286 1826
1286 1863
1286 1907
1286 1942
1286 1966
1286 1977
1287 497
1287 1450
1287 1477
1287 1545
1287 1643
1287 1954
1288 888
1288 1026
1288 1272
1288 1595
1288 1817
1288 2006
1292 316
1292 358
1292 751
1292 861
1292 950
1292 961
1292 1007
1292 1025
1292 1044
1292 1045
1292 1046
1292 1069
1292 1076
1292 1077
1292 1081
1292 1102
1292 1104
1292 1105
1292 1127
1292 1146
1292 1191
1292 1222
1292 1225
1292 1228
1292 1281
1292 1283
1292 1285
1292 1294
1292 1296
1292 1358
1292 1370
1292 1377
1292 1436
1292 1440
1292 1441
1292 1442
1292 1456
1292 1457
1292 1510
1292 1523
1292 1527
1292 1534
1292 1581
1292 1586
1292 1597
1292 1641
1292 1642
1292 1643
1292 1753
1292 1774
1292 1775
1292 1782
1292 1789
1292 1806
1292 1809
1292 1811
1292 1818
1292 1822
1292 1823
1292 1840
1292 1841
1292 1842
1292 1844
1292 1924
1292 1933
1292 1938
1292 1973
1294 358
1294 861
1294 975
1294 1023
1294 1044
1294 1045
1294 1076
1294 1103
1294 1105
1294 1127
1294 1191
1294 1225
1294 1281
1294 1283
1294 1285
1294 1292
1294 1377
1294 1441
1294 1457
1294 1510
1294 1534
1294 1642
1294 1643
1294 1689
1294 1774
1294 1806
1294 1809
1294 1818
1294 1822
1294 1840
1294 1841
1294 1842
1294 1903
1294 1924
1296 236
1296 316
1296 751
1296 861
1296 961
1296 1007
1296 1046
1296 1065
1296 1069
1296 1076
1296 1077
1296 1102
1296 1104
1296 1178
1296 1222
1296 1228
1296 1281
1296 1292
1296 1358
1296 1370
1296 1377
1296 1385
1296 1440
1296 1523
1296 1581
1296 1586
1296 1724
1296 1753
1296 1774
1296 1782
1296 1784
1296 1789
1296 1811
1296 1818
1296 1822
1296 1823
1296 1824
1296 1842
1296 1844
1296 1882
1296 1933
1296 1973
1296 1978
1302 1716
1303 1335
1303 1337
1303 1603
1303 1653
1303 1716
1303 1962
1303 1977
1305 1105
1305 1605
1305 1644
1305 1727
1305 1912
1305 1936
1307 1612
1309 1049
1309 1076
1309 1282
1309 1579
1309 1586
1309 1679
1309 1703
1309 1936
1312 620
1312 1661
1313 1494
1313 1550
1313 1639
1313 1643
1313 1662
1313 1677
1316 336
1316 956
1316 1025
1316 1092
1316 1285
1316 1383
1316 1640
1316 1955
1318 825
1323 316
1323 493
1323 709
1323 737
1323 751
1323 861
1323 877
1323 1002
1323 1044
1323 1045
1323 1127
1323 1132
1323 1220
1323 1245
1323 1284
1323 1453
1323 1462
1323 1523
1323 1549
1323 1558
1323 1581
1323 1648
1323 1656
1323 1724
1323 1728
1323 1781
1323 1793
1323 1804
1323 1821
1323 1844
1323 1856
1323 1902
1323 1959
1323 1963
1324 92
1324 664
1324 1065
1324 1191
1324 1225
1324 1282
1324 1460
1324 1544
1324 1545
1324 1580
1324 1584
1324 1649
1324 1705
1324 1779
1324 1786
1324 1806
1324 1814
1324 1820
1324 1823
1324 1824
1324 1855
1324 1940
1324 1979
1324 1986
1325 196
1325 259
1325 260
1325 1029
1325 1156
1325 1391
1325 1535
1325 1807
1325 1940
1333 100
1333 1121
1333 1363
1333 1856
1333 1868
1335 537
1335 1105
1335 1303
1335 1360
1335 1612
1335 1613
1335 1792
1335 1799
1335 1805
1335 1912
1335 1918
1335 1927
1335 1962
1336 1338
1337 1303
1337 1653
1337 1716
1337 1977
1338 1336
1346 1015
1348 983
1348 1383
1348 1522
1348 1593
1348 1913
1348 1936
1348 1972
1348 1982
1349 1465
1349 1781
1349 1842
1354 68
1354 496
1354 1094
1354 1138
1354 1255
1354 1283
1354 1504
1354 1540
1354 1542
1354 1724
1354 1775
1354 1785
1354 1816
1354 1819
1354 1844
1356 1193
1356 1195
1356 1230
1356 1253
1356 1436
1356 1709
1356 1795
1356 1966
1357 1007
1357 1222
1357 1367
1357 1369
1357 1457
1357 1545
1357 1548
1357 1549
1357 1597
1357 1660
1357 1676
1357 1777
1357 1784
1357 1787
1357 1810
1357 1816
1357 1862
1357 1979
1358 316
1358 751
1358 861
1358 961
1358 1007
1358 1046
1358 1068
1358 1069
1358 1076
1358 1077
1358 1102
1358 1104
1358 1222
1358 1228
1358 1281
1358 1292
1358 1296
1358 1370
1358 1377
1358 1440
1358 1508
1358 1541
1358 1753
1358 1771
1358 1774
1358 1782
1358 1811
1358 1818
1358 1822
1358 1823
1358 1842
1358 1844
1358 1933
1358 1973
1360 188
1360 561
1360 578
1360 608
1360 711
1360 926
1360 1005
1360 1044
1360 1092
1360 1105
1360 1123
1360 1220
1360 1252
1360 1335
1360 1376
1360 1410
1360 1441
1360 1526
1360 1532
1360 1591
1360 1644
1360 1786
1360 1792
1360 1797
1360 1799
1360 1805
1360 1817
1360 1822
1360 1841
1360 1907
1360 1910
1360 1912
1360 1918
1360 1924
1360 1927
1360 1973
1361 709
1361 1104
1361 1410
1361 1993
1363 100
1363 1121
1363 1333
1363 1540
1363 1904
1364 1421
1366 396
1366 397
1366 398
1366 610
1367 308
1367 393
1367 1007
1367 1093
1367 1128
1367 1142
1367 1146
1367 1191
1367 1222
1367 1230
1367 1284
1367 1357
1367 1369
1367 1458
1367 1462
1367 1537
1367 1545
1367 1548
1367 1549
1367 1586
1367 1597
1367 1694
1367 1760
1367 1784
1367 1787
1367 1800
1367 1808
1367 1816
1367 1829
1367 1843
1367 1897
1367 1902
1367 1969
1369 1007
1369 1127
1369 1222
1369 1357
1369 1367
1369 1435
1369 1545
1369 1548
1369 1549
1369 1583
1369 1597
1369 1647
1369 1782
1369 1784
1369 1787
1369 1816
1369 1822
1370 117
1370 316
1370 751
1370 861
1370 961
1370 1007
1370 1046
1370 1069
1370 1073
1370 1076
1370 1077
1370 1102
1370 1104
1370 1121
1370 1222
1370 1228
1370 1281
1370 1285
1370 1292
1370 1296
1370 1358
1370 1377
1370 1383
1370 1433
1370 1440
1370 1652
1370 1753
1370 1774
1370 1776
1370 1782
1370 1811
1370 1818
1370 1822
1370 1823
1370 1842
1370 1844
1370 1933
1370 1973
1374 5
1374 248
1374 259
1374 793
1374 980
1374 1168
1374 1207
1375 23
1375 493
1375 713
1375 1087
1375 1466
1375 1847
1376 1360
1376 1746
1377 316
1377 319
1377 358
1377 751
1377 861
1377 961
1377 1007
1377 1045
1377 1046
1377 1069
1377 1076
1377 1077
1377 1102
1377 1104
1377 1105
1377 1127
1377 1191
1377 1222
1377 1225
1377 1228
1377 1257
1377 1281
1377 1283
1377 1285
1377 1292
1377 1294
1377 1296
1377 1358
1377 1370
1377 1440
1377 1441
1377 1457
1377 1534
1377 1538
1377 1642
1377 1643
1377 1753
1377 1774
1377 1782
1377 1806
1377 1809
1377 1811
1377 1814
1377 1818
1377 1822
1377 1823
1377 1840
1377 1841
1377 1842
1377 1844
1377 1922
1377 1924
1377 1933
1377 1973
1383 68
1383 258
1383 260
1383 336
1383 972
1383 1025
1383 1029
1383 1073
1383 1092
1383 1121
1383 1128
1383 1285
1383 1316
1383 1348
1383 1370
1383 1416
1383 1433
1383 1439
1383 1477
1383 1487
1383 1510
1383 1522
1383 1589
1383 1593
1383 1634
1383 1703
1383 1775
1383 1776
1383 1788
1383 1808
1383 1809
1383 1841
1383 1842
1383 1850
1383 1863
1383 1864
1383 1900
1383 1909
1383 1913
1383 1923
1383 1972
1383 1982
1384 956
1384 1193
1384 1458
1384 1477
1384 1906
1384 1910
1384 1933
1385 751
1385 1065
1385 1077
1385 1296
1385 1541
1385 1581
1385 1586
1385 1784
1385 1789
1385 1818
1385 1824
1389 920
1389 1694
1389 1706
1391 196
1391 259
1391 260
1391 1029
1391 1156
1391 1325
1391 1535
1391 1807
1391 1940
1392 1642
1394 608
1394 778
1394 1005
1394 1086
1394 1127
1394 1138
1394 1145
1394 1245
1394 1255
1394 1439
1394 1457
1394 1644
1394 1660
1394 1676
1394 1810
1394 1813
1394 1903
1394 1916
1394 1919
1395 410
1395 414
1395 815
1395 1057
1396 1793
1402 1696
1402 1757
1406 309
1406 1195
1406 1841
1409 1756
1410 561
1410 578
1410 608
1410 711
1410 899
1410 1005
1410 1044
1410 1092
1410 1104
1410 1105
1410 1123
1410 1220
1410 1252
1410 1360
1410 1361
1410 1441
1410 1526
1410 1532
1410 1591
1410 1644
1410 1786
1410 1797
1410 1799
1410 1817
1410 1822
1410 1841
1410 1907
1410 1924
1410 1973
1411 340
1411 399
1411 469
1411 1166
1411 1811
1412 169
1412 1101
1412 1501
1412 1958
1416 68
1416 744
1416 890
1416 972
1416 1092
1416 1383
1416 1487
1416 1510
1416 1617
1416 1676
1416 1776
1416 1842
1416 1850
1416 1864
1416 1894
1420 255
1420 877
1420 1283
1420 1456
1420 1928
1421 1364
1421 1487
1421 1536
1421 1821
1421 1823
1423 1592
1423 1803
1423 1914
1423 1915
1424 1255
1424 1920
1428 411
1429 150
1429 255
1429 259
1429 316
1429 876
1429 938
1429 1029
1429 1077
1429 1157
1429 1257
1429 1283
1429 1462
1429 1507
1429 1534
1429 1544
1429 1696
1429 1716
1429 1717
1429 1775
1429 1779
1429 1802
1429 1809
1429 1817
1429 1843
1429 1884
1429 1901
1429 1920
1429 1927
1429 1943
1430 1435
1433 1073
1433 1121
1433 1197
1433 1285
1433 1370
1433 1383
1433 1776
1433 1842
1433 1850
1435 258
1435 1029
1435 1127
1435 1156
1435 1369
1435 1430
1435 1497
1435 1519
1435 1531
1435 1538
1435 1545
1435 1583
1435 1585
1435 1640
1435 1642
1435 1647
1435 1811
1435 1816
1435 1817
1435 1822
1435 1840
1436 16
1436 335
1436 622
1436 711
1436 961
1436 1025
1436 1077
1436 1121
1436 1127
1436 1146
1436 1193
1436 1195
1436 1230
1436 1244
1436 1253
1436 1282
1436 1292
1436 1356
1436 1441
1436 1442
1436 1456
1436 1523
1436 1642
1436 1709
1436 1728
1436 1775
1436 1795
1436 1796
1436 1822
1436 1840
1436 1842
1436 1844
1436 1919
1436 1938
1436 1955
1436 1966
1436 1969
1436 1974
1439 255
1439 258
1439 260
1439 1383
1439 1394
1439 1457
1439 1648
1439 1660
1439 1676
1439 1728
1439 1777
1439 1808
1439 1810
1439 1821
1439 1900
1439 1916
1439 1919
1439 1979
1440 316
1440 319
1440 595
1440 751
1440 786
1440 861
1440 956
1440 961
1440 1007
1440 1040
1440 1046
1440 1069
1440 1076
1440 1077
1440 1102
1440 1104
1440 1112
1440 1222
1440 1228
1440 1281
1440 1285
1440 1292
1440 1296
1440 1358
1440 1370
1440 1377
1440 1641
1440 1753
1440 1774
1440 1782
1440 1811
1440 1818
1440 1822
1440 1823
1440 1842
1440 1844
1440 1919
1440 1924
1440 1933
1440 1937
1440 1973
1440 1981
1440 2015
1441 358
1441 561
1441 578
1441 608
1441 622
1441 711
1441 861
1441 956
1441 1005
1441 1044
1441 1045
1441 1090
1441 1092
1441 1105
1441 1106
1441 1123
1441 1127
1441 1191
1441 1193
1441 1220
1441 1225
1441 1252
1441 1255
1441 1282
1441 1283
1441 1285
1441 1292
1441 1294
1441 1360
1441 1377
1441 1410
1441 1436
1441 1442
1441 1457
1441 1526
1441 1527
1441 1531
1441 1532
1441 1534
1441 1591
1441 1642
1441 1643
1441 1644
1441 1678
1441 1728
1441 1777
1441 1786
1441 1792
1441 1797
1441 1799
1441 1801
1441 1806
1441 1809
1441 1817
1441 1818
1441 1819
1441 1822
1441 1827
1441 1840
1441 1841
1441 1907
1441 1919
1441 1923
1441 1924
1441 1955
1441 1973
1441 1974
1441 1981
1442 255
1442 342
1442 595
1442 883
1442 950
1442 961
1442 1025
1442 1050
1442 1077
1442 1127
1442 1146
1442 1248
1442 1282
1442 1292
1442 1436
1442 1441
1442 1456
1442 1461
1442 1523
1442 1642
1442 1644
1442 1775
1442 1840
1442 1844
1442 1902
1442 1924
1442 1938
1442 1980
1449 1222
1450 84
1450 120
1450 376
1450 1186
1450 1287
1450 1497
1450 1643
1450 1706
1450 1836
1450 1954
1452 258
1452 1128
1452 1481
1453 737
1453 861
1453 1132
1453 1245
1453 1323
1453 1549
1453 1648
1453 1656
1453 1728
1453 1821
1453 1856
1453 1959
1453 1963
1456 255
1456 346
1456 876
1456 950
1456 961
1456 1025
1456 1077
1456 1127
1456 1142
1456 1146
1456 1283
1456 1292
1456 1420
1456 1436
1456 1442
1456 1487
1456 1523
1456 1536
1456 1543
1456 1545
1456 1642
1456 1647
1456 1730
1456 1775
1456 1780
1456 1839
1456 1840
1456 1844
1456 1938
1457 260
1457 358
1457 491
1457 500
1457 777
1457 861
1457 877
1457 1045
1457 1105
1457 1127
1457 1138
1457 1191
1457 1225
1457 1228
1457 1245
1457 1283
1457 1285
1457 1292
1457 1294
1457 1357
1457 1377
1457 1394
1457 1439
1457 1441
1457 1534
1457 1642
1457 1643
1457 1656
1457 1660
1457 1676
1457 1777
1457 1806
1457 1809
1457 1810
1457 1813
1457 1814
1457 1818
1457 1819
1457 1824
1457 1840
1457 1841
1457 1862
1457 1916
1457 1919
1457 1934
1457 1979
1458 709
1458 956
1458 961
1458 1025
1458 1068
1458 1069
1458 1076
1458 1093
1458 1128
1458 1230
1458 1253
1458 1285
1458 1286
1458 1367
1458 1384
1458 1523
1458 1531
1458 1532
1458 1644
1458 1654
1458 1659
1458 1660
1458 1750
1458 1775
1458 1792
1458 1813
1458 1815
1458 1822
1458 1829
1458 1831
1458 1839
1458 1863
1458 1919
1458 1921
1458 1924
1460 1324
1460 1544
1460 1545
1460 1806
1461 711
1461 1044
1461 1248
1461 1442
1461 1537
1461 1801
1461 1827
1461 1902
1461 1963
1462 18
1462 150
1462 258
1462 316
1462 437
1462 884
1462 1029
1462 1090
1462 1126
1462 1128
1462 1142
1462 1146
1462 1191
1462 1256
1462 1323
1462 1367
1462 1429
1462 1585
1462 1676
1462 1710
1462 1744
1462 1786
1462 1829
1462 1839
1462 1942
1462 1964
1465 297
1465 1008
1465 1026
1465 1272
1465 1349
1465 1641
1465 1781
1465 1842
1466 23
1466 1375
1466 1746
1472 1968
1476 1264
1477 5
1477 497
1477 956
1477 1193
1477 1287
1477 1383
1477 1384
1477 1545
1477 1579
1477 1634
1477 1910
1477 1933
1478 622
1478 1025
1478 1128
1478 1230
1478 1519
1478 1548
1478 1770
1478 1829
1479 622
1479 1091
1479 1128
1479 1285
1479 1531
1479 1831
1481 1452
1484 5
1484 258
1484 1175
1484 1559
1484 1579
1484 1648
1484 1682
1484 1831
1484 1934
1485 169
1485 340
1485 1836
1485 1883
1487 68
1487 1092
1487 1383
1487 1416
1487 1421
1487 1456
1487 1510
1487 1536
1487 1821
1487 1823
1487 1842
1487 1850
1487 1864
1488 430
1489 709
1489 961
1489 1519
1489 1549
1489 1583
1489 1634
1489 1647
1489 1789
1489 1804
1490 861
1490 1727
1490 1777
1490 1802
1490 1814
1490 1916
1490 1917
1490 1953
1491 191
1491 433
1491 1015
1491 1082
1491 1654
1491 1677
1491 1758
1491 1772
1491 1815
1491 1819
1491 1854
1491 1918
1491 1938
1491 1997
1491 2015
1494 1238
1494 1313
1494 1559
1494 1662
1497 1435
1497 1450
1497 1519
1497 1658
1500 346
1500 1884
1501 169
1501 1101
1501 1412
1501 1958
1502 232
1502 1102
1502 1104
1502 1523
1502 1844
1502 1971
1502 1973
1503 1919
1504 68
1504 496
1504 1094
1504 1255
1504 1283
1504 1354
1504 1540
1504 1542
1504 1724
1504 1775
1504 1785
1504 1816
1504 1819
1504 1844
1506 1044
1507 255
1507 938
1507 1429
1507 1626
1507 1654
1507 1696
1507 1716
1507 1779
1507 1791
1507 1793
1507 1801
1507 1809
1507 1817
1507 1835
1507 1884
1507 1927
1508 219
1508 1358
1508 1771
1508 1902
1510 68
1510 961
1510 1007
1510 1044
1510 1045
1510 1077
1510 1081
1510 1092
1510 1292
1510 1294
1510 1383
1510 1416
1510 1487
1510 1581
1510 1586
1510 1689
1510 1727
1510 1772
1510 1789
1510 1842
1510 1850
1510 1864
1510 1924
1511 1955
1511 1963
1515 1728
1515 1974
1519 120
1519 622
1519 709
1519 746
1519 961
1519 1025
1519 1069
1519 1128
1519 1435
1519 1478
1519 1489
1519 1497
1519 1548
1519 1549
1519 1583
1519 1634
1519 1647
1519 1770
1519 1789
1519 1804
1519 1829
1519 1912
1522 607
1522 1145
1522 1348
1522 1383
1522 1593
1522 1685
1522 1913
1522 1953
1522 1972
1522 1982
1523 18
1523 196
1523 232
1523 236
1523 519
1523 709
1523 751
1523 798
1523 809
1523 877
1523 950
1523 961
1523 972
1523 1007
1523 1025
1523 1068
1523 1077
1523 1093
1523 1102
1523 1104
1523 1127
1523 1146
1523 1178
1523 1228
1523 1253
1523 1292
1523 1296
1523 1323
1523 1436
1523 1442
1523 1456
1523 1458
1523 1502
1523 1525
1523 1536
1523 1587
1523 1642
1523 1644
1523 1659
1523 1660
1523 1669
1523 1674
1523 1750
1523 1775
1523 1782
1523 1784
1523 1789
1523 1804
1523 1806
1523 1809
1523 1813
1523 1815
1523 1822
1523 1831
1523 1839
1523 1840
1523 1844
1523 1861
1523 1909
1523 1920
1523 1924
1523 1938
1523 1963
1523 1971
1523 1973
1525 711
1525 877
1525 972
1525 1104
1525 1142
1525 1256
1525 1523
1525 1782
1525 1809
1525 1894
1526 340
1526 561
1526 578
1526 608
1526 711
1526 1005
1526 1044
1526 1049
1526 1092
1526 1105
1526 1123
1526 1220
1526 1252
1526 1360
1526 1410
1526 1441
1526 1532
1526 1537
1526 1589
1526 1591
1526 1644
1526 1697
1526 1756
1526 1786
1526 1797
1526 1799
1526 1809
1526 1813
1526 1817
1526 1822
1526 1840
1526 1841
1526 1907
1526 1924
1526 1973
1527 1090
1527 1106
1527 1193
1527 1195
1527 1255
1527 1282
1527 1292
1527 1441
1527 1534
1527 1693
1527 1777
1527 1782
1527 1786
1527 1792
1527 1801
1527 1819
1527 1827
1527 1923
1528 468
1531 23
1531 346
1531 622
1531 956
1531 961
1531 1015
1531 1025
1531 1065
1531 1069
1531 1076
1531 1091
1531 1128
1531 1156
1531 1285
1531 1435
1531 1441
1531 1458
1531 1479
1531 1532
1531 1593
1531 1642
1531 1654
1531 1774
1531 1799
1531 1822
1531 1831
1531 1840
1531 1910
1531 1921
1531 1922
1531 1924
1531 1928
1531 1977
1532 561
1532 578
1532 608
1532 711
1532 961
1532 1005
1532 1025
1532 1044
1532 1069
1532 1076
1532 1092
1532 1105
1532 1123
1532 1128
1532 1220
1532 1252
1532 1285
1532 1360
1532 1410
1532 1441
1532 1458
1532 1526
1532 1531
1532 1591
1532 1644
1532 1786
1532 1797
1532 1799
1532 1817
1532 1822
1532 1841
1532 1863
1532 1903
1532 1907
1532 1921
1532 1924
1532 1973
1534 150
1534 358
1534 861
1534 1045
1534 1090
1534 1105
1534 1106
1534 1127
1534 1191
1534 1193
1534 1225
1534 1255
1534 1257
1534 1282
1534 1283
1534 1285
1534 1292
1534 1294
1534 1377
1534 1429
1534 1441
1534 1457
1534 1527
1534 1544
1534 1642
1534 1643
1534 1717
1534 1777
1534 1786
1534 1792
1534 1801
1534 1806
1534 1809
1534 1818
1534 1819
1534 1827
1534 1840
1534 1841
1534 1900
1534 1901
1534 1920
1534 1923
1534 1943
1535 196
1535 259
1535 260
1535 689
1535 877
1535 1029
1535 1156
1535 1157
1535 1168
1535 1325
1535 1391
1535 1779
1535 1797
1535 1807
1535 1817
1535 1940
1535 1965
1535 1971
1536 346
1536 500
1536 595
1536 798
1536 1077
1536 1104
1536 1252
1536 1283
1536 1421
1536 1456
1536 1487
1536 1523
1536 1587
1536 1775
1536 1816
1536 1821
1536 1823
1537 316
1537 415
1537 437
1537 711
1537 748
1537 876
1537 1093
1537 1126
1537 1367
1537 1461
1537 1526
1537 1626
1537 1647
1537 1694
1537 1800
1537 1813
1537 1817
1537 1840
1537 1843
1537 1902
1537 1969
1538 150
1538 196
1538 346
1538 490
1538 751
1538 877
1538 975
1538 1139
1538 1222
1538 1283
1538 1377
1538 1435
1538 1640
1538 1660
1538 1757
1538 1777
1538 1814
1538 1818
1538 1819
1538 1928
1539 1590
1539 1810
1539 1951
1540 68
1540 496
1540 1094
1540 1103
1540 1127
1540 1198
1540 1220
1540 1255
1540 1283
1540 1354
1540 1363
1540 1504
1540 1542
1540 1724
1540 1744
1540 1775
1540 1785
1540 1800
1540 1814
1540 1816
1540 1819
1540 1820
1540 1821
1540 1844
1540 1902
1540 1973
1541 316
1541 498
1541 500
1541 685
1541 751
1541 876
1541 1040
1541 1197
1541 1358
1541 1385
1541 1771
1541 1788
1541 1818
1541 1843
1541 1991
1542 68
1542 236
1542 496
1542 877
1542 1044
1542 1068
1542 1094
1542 1102
1542 1255
1542 1269
1542 1283
1542 1354
1542 1504
1542 1540
1542 1581
1542 1623
1542 1653
1542 1688
1542 1722
1542 1724
1542 1775
1542 1785
1542 1801
1542 1802
1542 1814
1542 1816
1542 1819
1542 1840
1542 1844
1542 1861
1542 1916
1542 1917
1542 1933
1542 1938
1542 1963
1542 1967
1543 255
1543 497
1543 1142
1543 1146
1543 1181
1543 1222
1543 1228
1543 1283
1543 1456
1543 1545
1543 1730
1543 1808
1543 1844
1543 1980
1544 150
1544 460
1544 1187
1544 1220
1544 1256
1544 1257
1544 1324
1544 1429
1544 1460
1544 1534
1544 1545
1544 1585
1544 1623
1544 1676
1544 1717
1544 1741
1544 1752
1544 1753
1544 1777
1544 1782
1544 1806
1544 1810
1544 1814
1544 1821
1544 1900
1544 1901
1544 1919
1544 1920
1544 1943
1545 497
1545 1007
1545 1127
1545 1146
1545 1222
1545 1283
1545 1287
1545 1324
1545 1357
1545 1367
1545 1369
1545 1435
1545 1456
1545 1460
1545 1477
1545 1543
1545 1544
1545 1548
1545 1549
1545 1583
1545 1597
1545 1647
1545 1730
1545 1784
1545 1787
1545 1806
1545 1816
1545 1822
1546 1559
1546 1658
1548 500
1548 1007
1548 1025
1548 1222
1548 1357
1548 1367
1548 1369
1548 1478
1548 1519
1548 1545
1548 1549
1548 1597
1548 1770
1548 1784
1548 1787
1548 1816
1548 1829
1549 709
1549 737
1549 950
1549 961
1549 1007
1549 1145
1549 1222
1549 1245
1549 1323
1549 1357
1549 1367
1549 1369
1549 1453
1549 1489
1549 1519
1549 1545
1549 1548
1549 1583
1549 1587
1549 1588
1549 1597
1549 1634
1549 1647
1549 1648
1549 1728
1549 1784
1549 1785
1549 1787
1549 1789
1549 1804
1549 1816
1549 1821
1549 1826
1549 1904
1549 1911
1549 1959
1549 1982
1549 1991
1550 1313
1550 1643
1550 1677
1555 455
1558 709
1558 1008
1558 1220
1558 1245
1558 1284
1558 1323
1558 1581
1558 1781
1558 1868
1559 5
1559 258
1559 1238
1559 1484
1559 1494
1559 1546
1559 1579
1559 1648
1559 1658
1559 1682
1559 1831
1559 1934
1560 364
1576 1068
1576 1595
1576 1782
1576 2013
1578 326
1578 985
1578 986
1578 1708
1579 5
1579 188
1579 258
1579 297
1579 951
1579 961
1579 1049
1579 1076
1579 1272
1579 1282
1579 1309
1579 1477
1579 1484
1579 1559
1579 1586
1579 1648
1579 1679
1579 1682
1579 1703
1579 1776
1579 1831
1579 1911
1579 1934
1579 1936
1579 1960
1580 1324
1580 1705
1580 1814
1580 1820
1580 1823
1580 1979
1580 1986
1581 236
1581 709
1581 950
1581 961
1581 992
1581 1007
1581 1044
1581 1045
1581 1065
1581 1077
1581 1081
1581 1220
1581 1245
1581 1284
1581 1292
1581 1296
1581 1323
1581 1385
1581 1510
1581 1542
1581 1558
1581 1586
1581 1597
1581 1632
1581 1781
1581 1784
1581 1789
1581 1819
1581 1822
1581 1824
1581 1844
1581 1868
1581 1924
1581 1938
1583 709
1583 961
1583 1127
1583 1369
1583 1435
1583 1489
1583 1519
1583 1545
1583 1549
1583 1634
1583 1647
1583 1789
1583 1804
1583 1816
1583 1822
1584 1065
1584 1225
1584 1282
1584 1324
1584 1706
1584 1786
1584 1824
1584 1940
1585 1126
1585 1256
1585 1435
1585 1462
1585 1544
1585 1676
1585 1900
1585 1965
1586 515
1586 950
1586 961
1586 1007
1586 1008
1586 1044
1586 1045
1586 1049
1586 1065
1586 1076
1586 1077
1586 1081
1586 1282
1586 1292
1586 1296
1586 1309
1586 1367
1586 1385
1586 1510
1586 1579
1586 1581
1586 1597
1586 1648
1586 1679
1586 1703
1586 1784
1586 1789
1586 1820
1586 1822
1586 1824
1586 1924
1586 1936
1587 798
1587 1104
1587 1145
1587 1523
1587 1536
1587 1549
1587 1826
1587 1904
1587 1982
1587 1991
1588 751
1588 1222
1588 1549
1588 1785
1588 1911
1588 1934
1589 340
1589 1013
1589 1049
1589 1111
1589 1195
1589 1383
1589 1526
1589 1590
1589 1756
1589 1809
1589 1841
1589 1863
1589 1913
1590 1195
1590 1539
1590 1589
1590 1913
1591 236
1591 561
1591 578
1591 608
1591 711
1591 1005
1591 1044
1591 1046
1591 1092
1591 1105
1591 1123
1591 1153
1591 1220
1591 1252
1591 1360
1591 1410
1591 1441
1591 1526
1591 1532
1591 1644
1591 1786
1591 1797
1591 1799
1591 1817
1591 1822
1591 1841
1591 1907
1591 1924
1591 1973
1592 1423
1592 1803
1592 1914
1592 1915
1593 23
1593 1348
1593 1383
1593 1522
1593 1531
1593 1740
1593 1799
1593 1913
1593 1922
1593 1928
1593 1972
1593 1982
1594 259
1595 1288
1595 1576
1595 1782
1595 2013
1596 877
1596 956
1596 986
1596 1086
1596 1193
1596 1195
1596 1220
1596 1223
1596 1253
1596 1269
1596 1286
1596 1612
1596 1626
1596 1661
1596 1806
1596 1813
1596 1907
1596 1912
1596 1918
1596 1973
1596 2015
1597 950
1597 961
1597 1007
1597 1077
1597 1081
1597 1222
1597 1292
1597 1357
1597 1367
1597 1369
1597 1545
1597 1548
1597 1549
1597 1581
1597 1586
1597 1784
1597 1787
1597 1789
1597 1816
1597 1822
1597 1924
1599 578
1599 883
1599 973
1599 1092
1599 1658
1599 1683
1603 1303
1605 1305
1605 1644
1605 1936
1605 1972
1608 537
1608 1143
1608 1612
1612 986
1612 1105
1612 1269
1612 1307
1612 1335
1612 1596
1612 1608
1612 1613
1612 1661
1612 1918
1612 2015
1613 1105
1613 1335
1613 1612
1613 1966
1617 744
1617 890
1617 1416
1618 93
1618 938
1618 1142
1618 1863
1618 1958
1620 262
1620 330
1620 1222
1620 1968
1620 1979
1621 1827
1622 1937
1623 1094
1623 1285
1623 1542
1623 1544
1623 1660
1623 1676
1623 1777
1623 1802
1623 1810
1623 1814
1623 1916
1623 1917
1623 1943
1623 1967
1626 316
1626 415
1626 437
1626 748
1626 876
1626 956
1626 1126
1626 1286
1626 1507
1626 1537
1626 1596
1626 1647
1626 1793
1626 1806
1626 1907
1626 1977
1632 1581
1634 709
1634 961
1634 1383
1634 1477
1634 1489
1634 1519
1634 1549
1634 1583
1634 1647
1634 1789
1634 1804
1635 1684
1639 1313
1639 1800
1639 1856
1640 340
1640 956
1640 1025
1640 1316
1640 1435
1640 1538
1641 561
1641 786
1641 956
1641 1040
1641 1044
1641 1045
1641 1104
1641 1112
1641 1253
1641 1285
1641 1292
1641 1440
1641 1465
1641 1642
1641 1661
1641 1821
1641 1825
1641 1908
1641 1919
1641 1981
1641 1999
1641 2015
1642 336
1642 358
1642 554
1642 861
1642 961
1642 1025
1642 1045
1642 1077
1642 1105
1642 1127
1642 1146
1642 1156
1642 1191
1642 1225
1642 1253
1642 1283
1642 1285
1642 1292
1642 1294
1642 1377
1642 1392
1642 1435
1642 1436
1642 1441
1642 1442
1642 1456
1642 1457
1642 1523
1642 1531
1642 1534
1642 1641
1642 1643
1642 1687
1642 1775
1642 1780
1642 1806
1642 1809
1642 1818
1642 1825
1642 1840
1642 1841
1642 1844
1642 1890
1642 1908
1642 1922
1642 1938
1642 1999
1643 358
1643 376
1643 861
1643 980
1643 1045
1643 1105
1643 1127
1643 1166
1643 1191
1643 1225
1643 1283
1643 1285
1643 1287
1643 1292
1643 1294
1643 1313
1643 1377
1643 1441
1643 1450
1643 1457
1643 1534
1643 1550
1643 1642
1643 1677
1643 1786
1643 1791
1643 1806
1643 1809
1643 1818
1643 1820
1643 1840
1643 1841
1643 1940
1643 1954
1643 1988
1644 561
1644 578
1644 608
1644 711
1644 950
1644 961
1644 1004
1644 1005
1644 1025
1644 1044
1644 1086
1644 1092
1644 1105
1644 1123
1644 1205
1644 1220
1644 1225
1644 1252
1644 1255
1644 1305
1644 1360
1644 1394
1644 1410
1644 1441
1644 1442
1644 1458
1644 1523
1644 1526
1644 1532
1644 1591
1644 1605
1644 1692
1644 1786
1644 1797
1644 1799
1644 1817
1644 1822
1644 1841
1644 1907
1644 1924
1644 1936
1644 1973
1647 316
1647 415
1647 437
1647 709
1647 748
1647 876
1647 961
1647 1026
1647 1045
1647 1126
1647 1127
1647 1146
1647 1281
1647 1369
1647 1435
1647 1456
1647 1489
1647 1519
1647 1537
1647 1545
1647 1549
1647 1583
1647 1626
1647 1634
1647 1730
1647 1780
1647 1789
1647 1804
1647 1816
1647 1822
1648 5
1648 258
1648 737
1648 1077
1648 1245
1648 1323
1648 1439
1648 1453
1648 1484
1648 1549
1648 1559
1648 1579
1648 1586
1648 1682
1648 1728
1648 1821
1648 1831
1648 1934
1648 1959
1649 1191
1649 1324
1649 1779
1649 1855
1652 117
1652 1001
1652 1119
1652 1370
1652 1839
1652 1928
1653 1068
1653 1303
1653 1337
1653 1542
1653 1716
1653 1802
1653 1861
1653 1933
1653 1963
1653 1977
1654 182
1654 578
1654 595
1654 1015
1654 1071
1654 1111
1654 1123
1654 1195
1654 1286
1654 1458
1654 1491
1654 1507
1654 1531
1654 1662
1654 1698
1654 1774
1654 1792
1654 1796
1654 1817
1654 1819
1654 1822
1654 1841
1654 1910
1654 1919
1654 1966
1654 1977
1656 260
1656 500
1656 861
1656 877
1656 1132
1656 1228
1656 1323
1656 1453
1656 1457
1656 1814
1656 1819
1656 1824
1656 1856
1656 1892
1656 1934
1656 1944
1656 1963
1658 578
1658 883
1658 973
1658 1023
1658 1040
1658 1076
1658 1092
1658 1497
1658 1546
1658 1559
1658 1599
1658 1683
1658 1841
1658 1884
1658 1933
1658 1980
1659 709
1659 1093
1659 1253
1659 1458
1659 1523
1660 93
1660 118
1660 150
1660 196
1660 283
1660 490
1660 523
1660 608
1660 778
1660 1005
1660 1039
1660 1068
1660 1093
1660 1222
1660 1253
1660 1357
1660 1394
1660 1439
1660 1457
1660 1458
1660 1523
1660 1538
1660 1623
1660 1669
1660 1676
1660 1746
1660 1750
1660 1755
1660 1775
1660 1777
1660 1805
1660 1810
1660 1813
1660 1814
1660 1815
1660 1818
1660 1819
1660 1822
1660 1831
1660 1839
1660 1862
1660 1903
1660 1909
1660 1916
1660 1919
1660 1954
1660 1979
1661 986
1661 1040
1661 1086
1661 1195
1661 1269
1661 1312
1661 1596
1661 1612
1661 1641
1661 1918
1661 2015
1662 182
1662 578
1662 595
1662 622
1662 1123
1662 1313
1662 1494
1662 1654
1662 2012
1666 1832
1669 93
1669 118
1669 196
1669 283
1669 809
1669 972
1669 1093
1669 1156
1669 1523
1669 1660
1669 1746
1669 1755
1669 1781
1669 1805
1669 1815
1669 1842
1669 1909
1669 1954
1672 1142
1672 1283
1674 600
1674 1139
1674 1523
1674 1730
1674 1731
1674 1839
1676 18
1676 1126
1676 1138
1676 1245
1676 1357
1676 1394
1676 1416
1676 1439
1676 1457
1676 1462
1676 1544
1676 1585
1676 1623
1676 1660
1676 1776
1676 1777
1676 1810
1676 1814
1676 1839
1676 1862
1676 1916
1676 1919
1676 1943
1676 1964
1676 1979
1677 433
1677 1015
1677 1082
1677 1313
1677 1491
1677 1550
1677 1643
1677 1758
1677 1854
1677 1918
1677 1938
1677 1954
1677 1966
1677 1997
1677 2015
1678 1285
1678 1441
1678 1981
1679 1049
1679 1076
1679 1282
1679 1309
1679 1579
1679 1586
1679 1703
1679 1936
1682 5
1682 258
1682 1484
1682 1559
1682 1579
1682 1648
1682 1831
1682 1934
1683 578
1683 883
1683 973
1683 1092
1683 1599
1683 1658
1683 1688
1683 1977
1684 607
1684 1193
1684 1258
1684 1635
1684 1841
1685 196
1685 585
1685 622
1685 961
1685 1025
1685 1037
1685 1230
1685 1522
1685 1795
1685 1920
1685 1944
1685 1953
1687 554
1687 1642
1687 1780
1687 1890
1687 1922
1687 1938
1688 1269
1688 1542
1688 1683
1688 1977
1689 500
1689 595
1689 840
1689 1044
1689 1205
1689 1216
1689 1294
1689 1510
1689 1727
1689 1772
1689 1816
1689 1842
1689 1908
1689 1924
1689 1936
1692 1096
1692 1105
1692 1205
1692 1644
1693 43
1693 1527
1693 1923
1693 1928
1694 876
1694 920
1694 1093
1694 1367
1694 1389
1694 1537
1694 1800
1694 1843
1694 1902
1694 1969
1694 1978
1696 255
1696 938
1696 1402
1696 1429
1696 1507
1696 1716
1696 1757
1696 1779
1696 1809
1696 1815
1696 1817
1696 1884
1696 1927
1697 1526
1698 1286
1698 1654
1698 1817
1698 1826
1703 497
1703 600
1703 951
1703 972
1703 1049
1703 1076
1703 1197
1703 1282
1703 1309
1703 1383
1703 1579
1703 1586
1703 1679
1703 1730
1703 1775
1703 1776
1703 1824
1703 1839
1703 1909
1703 1936
1705 1324
1705 1580
1705 1814
1705 1820
1705 1823
1705 1979
1705 1986
1706 6
1706 31
1706 122
1706 1225
1706 1389
1706 1450
1706 1584
1706 1836
1706 1965
1707 479
1708 1578
1709 16
1709 413
1709 460
1709 864
1709 980
1709 1193
1709 1195
1709 1230
1709 1253
1709 1356
1709 1436
1709 1795
1709 1831
1709 1933
1709 1966
1709 1969
1710 150
1710 1090
1710 1256
1710 1462
1710 1942
1716 255
1716 938
1716 1302
1716 1303
1716 1337
1716 1429
1716 1507
1716 1653
1716 1696
1716 1779
1716 1809
1716 1817
1716 1884
1716 1927
1716 1971
1716 1977
1717 150
1717 1257
1717 1429
1717 1534
1717 1544
1717 1901
1717 1920
1717 1943
1721 1057
1722 877
1722 1068
1722 1102
1722 1221
1722 1542
1722 1801
1722 1802
1722 1812
1722 1963
1724 68
1724 169
1724 496
1724 1002
1724 1094
1724 1138
1724 1255
1724 1283
1724 1296
1724 1323
1724 1354
1724 1504
1724 1540
1724 1542
1724 1775
1724 1781
1724 1785
1724 1816
1724 1819
1724 1844
1724 1952
1724 1978
1725 1826
1725 1843
1727 273
1727 342
1727 1305
1727 1490
1727 1510
1727 1689
1727 1772
1727 2012
1728 622
1728 711
1728 737
1728 1094
1728 1245
1728 1323
1728 1436
1728 1439
1728 1441
1728 1453
1728 1515
1728 1549
1728 1648
1728 1821
1728 1822
1728 1918
1728 1919
1728 1955
1728 1959
1728 1974
1730 1142
1730 1146
1730 1283
1730 1456
1730 1543
1730 1545
1730 1647
1730 1674
1730 1703
1730 1780
1731 1674
1733 685
1733 711
1738 150
1740 1593
1741 1220
1741 1544
1741 1752
1741 1753
1741 1919
1744 437
1744 975
1744 1103
1744 1462
1744 1540
1744 1798
1744 1973
1744 1998
1745 1087
1746 93
1746 118
1746 196
1746 283
1746 1093
1746 1376
1746 1466
1746 1660
1746 1669
1746 1755
1746 1805
1746 1815
1746 1909
1746 1954
1747 81
1747 1087
1750 1068
1750 1253
1750 1458
1750 1523
1750 1660
1750 1775
1750 1813
1750 1815
1750 1822
1750 1831
1750 1839
1751 864
1751 1252
1751 1909
1751 1979
1752 689
1752 1220
1752 1544
1752 1741
1752 1753
1752 1919
1753 316
1753 751
1753 861
1753 956
1753 961
1753 1007
1753 1046
1753 1069
1753 1076
1753 1077
1753 1102
1753 1104
1753 1189
1753 1220
1753 1222
1753 1228
1753 1281
1753 1292
1753 1296
1753 1358
1753 1370
1753 1377
1753 1440
1753 1544
1753 1741
1753 1752
1753 1774
1753 1782
1753 1811
1753 1818
1753 1822
1753 1823
1753 1842
1753 1844
1753 1919
1753 1933
1753 1948
1753 1973
1755 93
1755 118
1755 169
1755 196
1755 283
1755 1093
1755 1175
1755 1660
1755 1669
1755 1746
1755 1805
1755 1815
1755 1836
1755 1909
1755 1954
1755 2008
1756 340
1756 577
1756 1049
1756 1264
1756 1409
1756 1526
1756 1589
1757 319
1757 346
1757 877
1757 975
1757 1002
1757 1139
1757 1283
1757 1402
1757 1538
1757 1696
1757 1928
1758 433
1758 1015
1758 1082
1758 1174
1758 1491
1758 1677
1758 1854
1758 1918
1758 1938
1758 1997
1758 2015
1759 1805
1760 1367
1763 232
1763 737
1763 861
1763 910
1763 924
1770 1025
1770 1478
1770 1519
1770 1548
1770 1829
1771 698
1771 1358
1771 1508
1771 1541
1772 1092
1772 1491
1772 1510
1772 1689
1772 1727
1773 918
1774 316
1774 751
1774 861
1774 961
1774 975
1774 1007
1774 1015
1774 1046
1774 1069
1774 1076
1774 1077
1774 1102
1774 1103
1774 1104
1774 1222
1774 1228
1774 1281
1774 1285
1774 1292
1774 1294
1774 1296
1774 1358
1774 1370
1774 1377
1774 1440
1774 1531
1774 1654
1774 1753
1774 1782
1774 1811
1774 1818
1774 1822
1774 1823
1774 1842
1774 1844
1774 1910
1774 1933
1774 1973
1774 1977
1775 68
1775 316
1775 346
1775 496
1775 961
1775 972
1775 1025
1775 1068
1775 1077
1775 1094
1775 1127
1775 1146
1775 1253
1775 1255
1775 1281
1775 1283
1775 1292
1775 1354
1775 1383
1775 1429
1775 1436
1775 1442
1775 1456
1775 1458
1775 1504
1775 1523
1775 1536
1775 1540
1775 1542
1775 1642
1775 1660
1775 1703
1775 1724
1775 1750
1775 1785
1775 1802
1775 1813
1775 1815
1775 1816
1775 1819
1775 1822
1775 1831
1775 1839
1775 1840
1775 1844
1775 1909
1775 1938
1776 297
1776 497
1776 951
1776 961
1776 1073
1776 1121
1776 1197
1776 1272
1776 1285
1776 1370
1776 1383
1776 1416
1776 1433
1776 1579
1776 1676
1776 1703
1776 1824
1776 1839
1776 1842
1776 1911
1776 1991
1777 150
1777 196
1777 490
1777 1039
1777 1090
1777 1106
1777 1193
1777 1222
1777 1224
1777 1255
1777 1282
1777 1357
1777 1439
1777 1441
1777 1457
1777 1490
1777 1527
1777 1534
1777 1538
1777 1544
1777 1623
1777 1660
1777 1676
1777 1786
1777 1792
1777 1801
1777 1802
1777 1810
1777 1814
1777 1818
1777 1819
1777 1827
1777 1862
1777 1916
1777 1919
1777 1923
1777 1943
1777 1967
1777 1979
1779 255
1779 689
1779 877
1779 938
1779 1157
1779 1168
1779 1191
1779 1324
1779 1429
1779 1507
1779 1535
1779 1649
1779 1696
1779 1716
1779 1797
1779 1809
1779 1817
1779 1855
1779 1884
1779 1927
1779 1965
1779 1971
1780 554
1780 1146
1780 1456
1780 1642
1780 1647
1780 1687
1780 1730
1780 1922
1781 709
1781 1002
1781 1044
1781 1045
1781 1156
1781 1220
1781 1245
1781 1284
1781 1323
1781 1349
1781 1465
1781 1558
1781 1581
1781 1669
1781 1724
1781 1842
1781 1844
1782 68
1782 236
1782 316
1782 751
1782 861
1782 877
1782 961
1782 1007
1782 1046
1782 1069
1782 1076
1782 1077
1782 1102
1782 1103
1782 1104
1782 1146
1782 1178
1782 1187
1782 1222
1782 1228
1782 1281
1782 1292
1782 1296
1782 1358
1782 1369
1782 1370
1782 1377
1782 1440
1782 1523
1782 1525
1782 1527
1782 1544
1782 1576
1782 1595
1782 1753
1782 1774
1782 1789
1782 1801
1782 1802
1782 1811
1782 1818
1782 1821
1782 1822
1782 1823
1782 1839
1782 1842
1782 1844
1782 1853
1782 1861
1782 1902
1782 1933
1782 1973
1782 2013
1784 1007
1784 1039
1784 1065
1784 1077
1784 1093
1784 1222
1784 1228
1784 1296
1784 1357
1784 1367
1784 1369
1784 1385
1784 1523
1784 1545
1784 1548
1784 1549
1784 1581
1784 1586
1784 1597
1784 1787
1784 1789
1784 1816
1784 1824
1784 1844
1784 1909
1785 68
1785 496
1785 1094
1785 1255
1785 1283
1785 1354
1785 1504
1785 1540
1785 1542
1785 1549
1785 1588
1785 1724
1785 1775
1785 1816
1785 1819
1785 1844
1785 1911
1786 18
1786 150
1786 561
1786 578
1786 608
1786 711
1786 884
1786 1005
1786 1029
1786 1044
1786 1065
1786 1090
1786 1092
1786 1105
1786 1106
1786 1123
1786 1193
1786 1220
1786 1225
1786 1252
1786 1255
1786 1282
1786 1285
1786 1324
1786 1360
1786 1410
1786 1441
1786 1462
1786 1526
1786 1527
1786 1532
1786 1534
1786 1584
1786 1591
1786 1643
1786 1644
1786 1777
1786 1792
1786 1797
1786 1799
1786 1801
1786 1817
1786 1819
1786 1820
1786 1822
1786 1824
1786 1827
1786 1841
1786 1907
1786 1923
1786 1924
1786 1940
1786 1973
1787 1007
1787 1222
1787 1357
1787 1367
1787 1369
1787 1545
1787 1548
1787 1549
1787 1597
1787 1784
1787 1816
1788 498
1788 500
1788 1025
1788 1040
1788 1128
1788 1197
1788 1285
1788 1383
1788 1541
1788 1991
1789 236
1789 709
1789 950
1789 961
1789 1007
1789 1044
1789 1045
1789 1065
1789 1077
1789 1081
1789 1178
1789 1228
1789 1292
1789 1296
1789 1385
1789 1489
1789 1510
1789 1519
1789 1523
1789 1549
1789 1581
1789 1583
1789 1586
1789 1597
1789 1634
1789 1647
1789 1782
1789 1784
1789 1804
1789 1822
1789 1824
1789 1844
1789 1909
1789 1924
1790 1792
1791 1019
1791 1111
1791 1507
1791 1643
1791 1792
1791 1830
1791 1902
1791 1940
1791 1988
1791 2009
1792 983
1792 1019
1792 1090
1792 1106
1792 1193
1792 1255
1792 1282
1792 1335
1792 1360
1792 1441
1792 1458
1792 1527
1792 1534
1792 1654
1792 1777
1792 1786
1792 1790
1792 1791
1792 1801
1792 1805
1792 1819
1792 1827
1792 1902
1792 1912
1792 1918
1792 1919
1792 1923
1792 1927
1792 2009
1792 2011
1793 260
1793 491
1793 1081
1793 1086
1793 1156
1793 1253
1793 1323
1793 1396
1793 1507
1793 1626
1793 1802
1793 1807
1793 1817
1793 1902
1793 1924
1793 1971
1794 92
1794 622
1794 744
1794 956
1794 1829
1795 196
1795 585
1795 622
1795 961
1795 1025
1795 1037
1795 1193
1795 1195
1795 1230
1795 1253
1795 1356
1795 1436
1795 1685
1795 1709
1795 1828
1795 1920
1795 1966
1796 1015
1796 1071
1796 1111
1796 1195
1796 1436
1796 1654
1796 1841
1796 1966
1796 1977
1797 561
1797 578
1797 608
1797 689
1797 711
1797 877
1797 1005
1797 1044
1797 1092
1797 1105
1797 1123
1797 1157
1797 1168
1797 1220
1797 1252
1797 1360
1797 1410
1797 1441
1797 1526
1797 1532
1797 1535
1797 1591
1797 1644
1797 1779
1797 1786
1797 1799
1797 1815
1797 1817
1797 1822
1797 1841
1797 1907
1797 1924
1797 1965
1797 1971
1797 1973
1798 975
1798 1744
1798 1998
1799 23
1799 537
1799 561
1799 578
1799 608
1799 711
1799 1005
1799 1044
1799 1092
1799 1105
1799 1123
1799 1128
1799 1220
1799 1252
1799 1335
1799 1360
1799 1410
1799 1441
1799 1526
1799 1531
1799 1532
1799 1591
1799 1593
1799 1644
1799 1786
1799 1797
1799 1817
1799 1822
1799 1841
1799 1907
1799 1922
1799 1924
1799 1928
1799 1936
1799 1962
1799 1973
1800 876
1800 1093
1800 1367
1800 1537
1800 1540
1800 1639
1800 1694
1800 1843
1800 1902
1800 1953
1800 1969
1801 877
1801 950
1801 1044
1801 1090
1801 1102
1801 1103
1801 1106
1801 1193
1801 1255
1801 1282
1801 1441
1801 1461
1801 1507
1801 1527
1801 1534
1801 1542
1801 1722
1801 1777
1801 1782
1801 1786
1801 1792
1801 1802
1801 1819
1801 1827
1801 1835
1801 1853
1801 1861
1801 1898
1801 1923
1801 1963
1802 260
1802 316
1802 1068
1802 1094
1802 1102
1802 1103
1802 1156
1802 1224
1802 1283
1802 1429
1802 1490
1802 1542
1802 1623
1802 1653
1802 1722
1802 1775
1802 1777
1802 1782
1802 1793
1802 1801
1802 1807
1802 1814
1802 1817
1802 1819
1802 1853
1802 1861
1802 1916
1802 1917
1802 1933
1802 1963
1802 1967
1803 1423
1803 1592
1803 1914
1803 1915
1804 709
1804 751
1804 877
1804 961
1804 1237
1804 1323
1804 1489
1804 1519
1804 1523
1804 1549
1804 1583
1804 1634
1804 1647
1804 1789
1805 43
1805 93
1805 118
1805 196
1805 283
1805 1013
1805 1093
1805 1256
1805 1335
1805 1360
1805 1660
1805 1669
1805 1746
1805 1755
1805 1759
1805 1792
1805 1807
1805 1808
1805 1815
1805 1820
1805 1827
1805 1909
1805 1912
1805 1918
1805 1927
1805 1941
1805 1954
1806 18
1806 196
1806 259
1806 358
1806 519
1806 689
1806 861
1806 956
1806 1045
1806 1105
1806 1127
1806 1191
1806 1225
1806 1283
1806 1285
1806 1286
1806 1292
1806 1294
1806 1324
1806 1377
1806 1441
1806 1457
1806 1460
1806 1523
1806 1534
1806 1544
1806 1545
1806 1596
1806 1626
1806 1642
1806 1643
1806 1809
1806 1815
1806 1818
1806 1840
1806 1841
1806 1907
1806 1920
1806 1963
1806 1984
1807 196
1807 259
1807 260
1807 1029
1807 1156
1807 1257
1807 1325
1807 1391
1807 1535
1807 1793
1807 1802
1807 1805
1807 1817
1807 1827
1807 1940
1807 1941
1808 43
1808 150
1808 258
1808 260
1808 497
1808 876
1808 1157
1808 1222
1808 1228
1808 1256
1808 1367
1808 1383
1808 1439
1808 1543
1808 1805
1808 1820
1808 1844
1809 18
1809 196
1809 255
1809 358
1809 364
1809 519
1809 861
1809 938
1809 980
1809 986
1809 1045
1809 1090
1809 1105
1809 1127
1809 1191
1809 1225
1809 1283
1809 1285
1809 1286
1809 1292
1809 1294
1809 1377
1809 1383
1809 1429
1809 1441
1809 1457
1809 1507
1809 1523
1809 1525
1809 1526
1809 1534
1809 1589
1809 1642
1809 1643
1809 1696
1809 1716
1809 1779
1809 1806
1809 1817
1809 1818
1809 1826
1809 1831
1809 1840
1809 1841
1809 1863
1809 1884
1809 1920
1809 1927
1809 1942
1809 1963
1809 1977
1810 150
1810 196
1810 920
1810 1029
1810 1117
1810 1126
1810 1138
1810 1245
1810 1357
1810 1394
1810 1439
1810 1457
1810 1539
1810 1544
1810 1623
1810 1660
1810 1676
1810 1777
1810 1814
1810 1862
1810 1901
1810 1916
1810 1919
1810 1943
1810 1951
1810 1979
1811 316
1811 340
1811 469
1811 751
1811 861
1811 961
1811 1007
1811 1046
1811 1069
1811 1076
1811 1077
1811 1102
1811 1104
1811 1166
1811 1222
1811 1228
1811 1257
1811 1281
1811 1292
1811 1296
1811 1358
1811 1370
1811 1377
1811 1411
1811 1435
1811 1440
1811 1753
1811 1774
1811 1782
1811 1815
1811 1818
1811 1819
1811 1822
1811 1823
1811 1842
1811 1844
1811 1924
1811 1933
1811 1967
1811 1973
1812 1068
1812 1722
1813 777
1813 1068
1813 1127
1813 1145
1813 1195
1813 1253
1813 1394
1813 1457
1813 1458
1813 1523
1813 1526
1813 1537
1813 1596
1813 1660
1813 1750
1813 1775
1813 1815
1813 1822
1813 1831
1813 1839
1813 1840
1813 1912
1813 1918
1814 150
1814 196
1814 260
1814 273
1814 490
1814 500
1814 751
1814 876
1814 877
1814 1045
1814 1094
1814 1118
1814 1127
1814 1198
1814 1222
1814 1224
1814 1228
1814 1324
1814 1377
1814 1457
1814 1490
1814 1538
1814 1540
1814 1542
1814 1544
1814 1580
1814 1623
1814 1656
1814 1660
1814 1676
1814 1705
1814 1777
1814 1802
1814 1810
1814 1817
1814 1818
1814 1819
1814 1820
1814 1821
1814 1823
1814 1824
1814 1840
1814 1844
1814 1916
1814 1917
1814 1934
1814 1943
1814 1963
1814 1967
1814 1979
1814 1986
1815 93
1815 118
1815 196
1815 283
1815 1068
1815 1093
1815 1253
1815 1281
1815 1458
1815 1491
1815 1523
1815 1660
1815 1669
1815 1696
1815 1746
1815 1750
1815 1755
1815 1775
1815 1797
1815 1805
1815 1806
1815 1811
1815 1813
1815 1818
1815 1819
1815 1822
1815 1831
1815 1839
1815 1843
1815 1909
1815 1954
1815 1967
1816 68
1816 496
1816 500
1816 595
1816 1007
1816 1076
1816 1094
1816 1127
1816 1178
1816 1222
1816 1255
1816 1283
1816 1354
1816 1357
1816 1367
1816 1369
1816 1435
1816 1504
1816 1536
1816 1540
1816 1542
1816 1545
1816 1548
1816 1549
1816 1583
1816 1597
1816 1647
1816 1689
1816 1724
1816 1775
1816 1784
1816 1785
1816 1787
1816 1819
1816 1822
1816 1823
1816 1831
1816 1844
1816 1924
1816 1936
1817 150
1817 255
1817 258
1817 259
1817 260
1817 561
1817 578
1817 608
1817 689
1817 711
1817 876
1817 877
1817 938
1817 1005
1817 1029
1817 1044
1817 1045
1817 1077
1817 1090
1817 1092
1817 1105
1817 1123
1817 1156
1817 1157
1817 1168
1817 1207
1817 1220
1817 1252
1817 1253
1817 1256
1817 1272
1817 1286
1817 1288
1817 1360
1817 1410
1817 1429
1817 1435
1817 1441
1817 1507
1817 1526
1817 1532
1817 1535
1817 1537
1817 1591
1817 1644
1817 1654
1817 1696
1817 1698
1817 1716
1817 1779
1817 1786
1817 1793
1817 1797
1817 1799
1817 1802
1817 1807
1817 1809
1817 1814
1817 1819
1817 1822
1817 1840
1817 1841
1817 1844
1817 1884
1817 1907
1817 1922
1817 1923
1817 1924
1817 1927
1817 1951
1817 1963
1817 1965
1817 1971
1817 1973
1818 117
1818 150
1818 196
1818 316
1818 319
1818 358
1818 490
1818 751
1818 861
1818 961
1818 1007
1818 1045
1818 1046
1818 1066
1818 1069
1818 1076
1818 1077
1818 1102
1818 1104
1818 1105
1818 1127
1818 1191
1818 1222
1818 1225
1818 1228
1818 1281
1818 1283
1818 1285
1818 1292
1818 1294
1818 1296
1818 1358
1818 1370
1818 1377
1818 1385
1818 1440
1818 1441
1818 1457
1818 1534
1818 1538
1818 1541
1818 1642
1818 1643
1818 1660
1818 1753
1818 1774
1818 1777
1818 1782
1818 1806
1818 1809
1818 1811
1818 1814
1818 1815
1818 1819
1818 1822
1818 1823
1818 1840
1818 1841
1818 1842
1818 1844
1818 1933
1818 1973
1819 68
1819 150
1819 196
1819 236
1819 260
1819 490
1819 496
1819 500
1819 876
1819 877
1819 1044
1819 1045
1819 1090
1819 1094
1819 1106
1819 1193
1819 1222
1819 1228
1819 1255
1819 1282
1819 1283
1819 1354
1819 1441
1819 1457
1819 1491
1819 1504
1819 1527
1819 1534
1819 1538
1819 1540
1819 1542
1819 1581
1819 1654
1819 1656
1819 1660
1819 1724
1819 1775
1819 1777
1819 1785
1819 1786
1819 1792
1819 1801
1819 1802
1819 1811
1819 1814
1819 1815
1819 1816
1819 1817
1819 1818
1819 1824
1819 1827
1819 1840
1819 1844
1819 1923
1819 1934
1819 1938
1819 1944
1819 1963
1819 1967
1820 43
1820 1008
1820 1127
1820 1198
1820 1256
1820 1285
1820 1324
1820 1540
1820 1580
1820 1586
1820 1643
1820 1705
1820 1786
1820 1805
1820 1808
1820 1814
1820 1821
1820 1823
1820 1979
1820 1986
1821 737
1821 876
1821 1104
1821 1127
1821 1187
1821 1198
1821 1245
1821 1323
1821 1421
1821 1439
1821 1453
1821 1487
1821 1536
1821 1540
1821 1544
1821 1549
1821 1641
1821 1648
1821 1728
1821 1782
1821 1814
1821 1820
1821 1823
1821 1959
1822 316
1822 561
1822 578
1822 608
1822 622
1822 711
1822 751
1822 861
1822 950
1822 961
1822 975
1822 1005
1822 1007
1822 1015
1822 1044
1822 1046
1822 1068
1822 1069
1822 1076
1822 1077
1822 1081
1822 1092
1822 1102
1822 1103
1822 1104
1822 1105
1822 1123
1822 1127
1822 1220
1822 1222
1822 1228
1822 1252
1822 1253
1822 1281
1822 1285
1822 1292
1822 1294
1822 1296
1822 1358
1822 1360
1822 1369
1822 1370
1822 1377
1822 1410
1822 1435
1822 1436
1822 1440
1822 1441
1822 1458
1822 1523
1822 1526
1822 1531
1822 1532
1822 1545
1822 1581
1822 1583
1822 1586
1822 1591
1822 1597
1822 1644
1822 1647
1822 1654
1822 1660
1822 1728
1822 1750
1822 1753
1822 1774
1822 1775
1822 1782
1822 1786
1822 1789
1822 1797
1822 1799
1822 1811
1822 1813
1822 1815
1822 1816
1822 1817
1822 1818
1822 1823
1822 1831
1822 1839
1822 1841
1822 1842
1822 1844
1822 1907
1822 1910
1822 1919
1822 1924
1822 1933
1822 1955
1822 1973
1822 1974
1822 1977
1823 316
1823 751
1823 861
1823 961
1823 1007
1823 1046
1823 1069
1823 1076
1823 1077
1823 1102
1823 1104
1823 1143
1823 1222
1823 1228
1823 1281
1823 1292
1823 1296
1823 1324
1823 1358
1823 1370
1823 1377
1823 1421
1823 1440
1823 1487
1823 1536
1823 1580
1823 1705
1823 1753
1823 1774
1823 1782
1823 1811
1823 1814
1823 1816
1823 1818
1823 1820
1823 1821
1823 1822
1823 1842
1823 1844
1823 1933
1823 1973
1823 1979
1823 1986
1824 260
1824 497
1824 500
1824 877
1824 951
1824 1065
1824 1077
1824 1081
1824 1197
1824 1225
1824 1228
1824 1282
1824 1296
1824 1324
1824 1385
1824 1457
1824 1581
1824 1584
1824 1586
1824 1656
1824 1703
1824 1776
1824 1784
1824 1786
1824 1789
1824 1814
1824 1819
1824 1839
1824 1855
1824 1934
1824 1940
1825 6
1825 1044
1825 1071
1825 1096
1825 1225
1825 1253
1825 1641
1825 1642
1825 1908
1825 1937
1825 1999
1826 260
1826 316
1826 364
1826 519
1826 980
1826 1145
1826 1156
1826 1286
1826 1549
1826 1587
1826 1698
1826 1725
1826 1809
1826 1904
1826 1942
1826 1966
1826 1977
1826 1982
1826 1991
1827 1044
1827 1090
1827 1106
1827 1193
1827 1197
1827 1255
1827 1282
1827 1441
1827 1461
1827 1527
1827 1534
1827 1621
1827 1777
1827 1786
1827 1792
1827 1801
1827 1805
1827 1807
1827 1819
1827 1923
1827 1963
1828 1795
1828 1904
1828 1934
1829 92
1829 622
1829 956
1829 1025
1829 1128
1829 1142
1829 1191
1829 1230
1829 1367
1829 1458
1829 1462
1829 1478
1829 1519
1829 1548
1829 1770
1829 1794
1829 1886
1830 1111
1830 1791
1831 5
1831 258
1831 413
1831 460
1831 622
1831 864
1831 980
1831 1068
1831 1091
1831 1128
1831 1253
1831 1269
1831 1285
1831 1458
1831 1479
1831 1484
1831 1523
1831 1531
1831 1559
1831 1579
1831 1648
1831 1660
1831 1682
1831 1709
1831 1750
1831 1775
1831 1809
1831 1813
1831 1815
1831 1816
1831 1822
1831 1839
1831 1933
1831 1934
1831 1948
1831 1977
1832 1666
1835 1086
1835 1507
1835 1801
1836 24
1836 169
1836 373
1836 1450
1836 1485
1836 1706
1836 1755
1836 1863
1839 18
1839 255
1839 497
1839 876
1839 951
1839 1068
1839 1127
1839 1142
1839 1146
1839 1197
1839 1253
1839 1456
1839 1458
1839 1462
1839 1523
1839 1652
1839 1660
1839 1674
1839 1676
1839 1703
1839 1750
1839 1775
1839 1776
1839 1782
1839 1813
1839 1815
1839 1822
1839 1824
1839 1831
1839 1902
1839 1964
1840 169
1840 358
1840 861
1840 876
1840 926
1840 961
1840 1025
1840 1045
1840 1077
1840 1105
1840 1127
1840 1142
1840 1146
1840 1156
1840 1191
1840 1225
1840 1283
1840 1285
1840 1292
1840 1294
1840 1377
1840 1435
1840 1436
1840 1441
1840 1442
1840 1456
1840 1457
1840 1523
1840 1526
1840 1531
1840 1534
1840 1537
1840 1542
1840 1642
1840 1643
1840 1775
1840 1806
1840 1809
1840 1813
1840 1814
1840 1817
1840 1818
1840 1819
1840 1841
1840 1844
1840 1861
1840 1938
1840 1963
1841 309
1841 358
1841 561
1841 578
1841 607
1841 608
1841 689
1841 711
1841 861
1841 1005
1841 1013
1841 1015
1841 1040
1841 1044
1841 1045
1841 1071
1841 1092
1841 1105
1841 1111
1841 1123
1841 1127
1841 1191
1841 1193
1841 1195
1841 1220
1841 1225
1841 1252
1841 1283
1841 1285
1841 1292
1841 1294
1841 1360
1841 1377
1841 1383
1841 1406
1841 1410
1841 1441
1841 1457
1841 1526
1841 1532
1841 1534
1841 1589
1841 1591
1841 1642
1841 1643
1841 1644
1841 1654
1841 1658
1841 1684
1841 1786
1841 1796
1841 1797
1841 1799
1841 1806
1841 1809
1841 1817
1841 1818
1841 1822
1841 1840
1841 1863
1841 1892
1841 1907
1841 1924
1841 1966
1841 1973
1841 1977
1842 68
1842 316
1842 335
1842 751
1842 861
1842 961
1842 1007
1842 1044
1842 1046
1842 1069
1842 1073
1842 1076
1842 1077
1842 1092
1842 1102
1842 1104
1842 1121
1842 1222
1842 1228
1842 1244
1842 1281
1842 1285
1842 1292
1842 1294
1842 1296
1842 1349
1842 1358
1842 1370
1842 1377
1842 1383
1842 1416
1842 1433
1842 1436
1842 1440
1842 1465
1842 1487
1842 1510
1842 1669
1842 1689
1842 1753
1842 1774
1842 1776
1842 1781
1842 1782
1842 1811
1842 1818
1842 1822
1842 1823
1842 1844
1842 1850
1842 1864
1842 1924
1842 1933
1842 1973
1843 308
1843 393
1843 876
1843 1093
1843 1146
1843 1224
1843 1284
1843 1367
1843 1429
1843 1537
1843 1541
1843 1694
1843 1725
1843 1800
1843 1815
1843 1897
1843 1902
1843 1953
1843 1969
1844 68
1844 232
1844 236
1844 316
1844 330
1844 496
1844 497
1844 561
1844 751
1844 861
1844 876
1844 961
1844 1007
1844 1025
1844 1044
1844 1045
1844 1046
1844 1069
1844 1076
1844 1077
1844 1094
1844 1102
1844 1103
1844 1104
1844 1127
1844 1138
1844 1146
1844 1220
1844 1222
1844 1228
1844 1255
1844 1281
1844 1283
1844 1292
1844 1296
1844 1323
1844 1354
1844 1358
1844 1370
1844 1377
1844 1436
1844 1440
1844 1442
1844 1456
1844 1502
1844 1504
1844 1523
1844 1540
1844 1542
1844 1543
1844 1581
1844 1642
1844 1724
1844 1753
1844 1774
1844 1775
1844 1781
1844 1782
1844 1784
1844 1785
1844 1789
1844 1808
1844 1811
1844 1814
1844 1816
1844 1817
1844 1818
1844 1819
1844 1822
1844 1823
1844 1840
1844 1842
1844 1904
1844 1909
1844 1933
1844 1938
1844 1963
1844 1971
1844 1973
1844 1974
1847 1375
1850 68
1850 1092
1850 1174
1850 1383
1850 1416
1850 1433
1850 1487
1850 1510
1850 1842
1850 1864
1853 877
1853 1102
1853 1103
1853 1782
1853 1801
1853 1802
1853 1861
1853 1965
1854 433
1854 1015
1854 1082
1854 1491
1854 1677
1854 1758
1854 1918
1854 1938
1854 1997
1854 2015
1855 1081
1855 1191
1855 1324
1855 1649
1855 1779
1855 1824
1856 861
1856 1132
1856 1323
1856 1333
1856 1453
1856 1639
1856 1656
1856 1868
1856 1963
1861 1007
1861 1068
1861 1102
1861 1103
1861 1523
1861 1542
1861 1653
1861 1782
1861 1801
1861 1802
1861 1840
1861 1853
1861 1933
1861 1963
1862 1357
1862 1457
1862 1660
1862 1676
1862 1777
1862 1810
1862 1979
1863 24
1863 938
1863 1286
1863 1383
1863 1458
1863 1532
1863 1589
1863 1618
1863 1809
1863 1836
1863 1841
1863 1903
1864 68
1864 1092
1864 1383
1864 1416
1864 1487
1864 1510
1864 1842
1864 1850
1865 620
1868 297
1868 1245
1868 1333
1868 1558
1868 1581
1868 1856
1873 1217
1877 346
1880 1881
1881 1880
1882 1296
1883 1011
1883 1105
1883 1485
1884 255
1884 346
1884 358
1884 938
1884 1097
1884 1429
1884 1500
1884 1507
1884 1658
1884 1696
1884 1716
1884 1779
1884 1809
1884 1817
1884 1927
1884 1933
1884 1946
1884 1951
1886 1829
1888 926
1888 1178
1889 308
1889 1968
1890 1642
1890 1687
1890 1922
1890 1938
1892 1656
1892 1841
1894 890
1894 972
1894 1104
1894 1416
1894 1525
1897 308
1897 393
1897 1093
1897 1146
1897 1284
1897 1367
1897 1843
1898 1801
1900 1256
1900 1383
1900 1439
1900 1534
1900 1544
1900 1585
1900 1923
1901 150
1901 196
1901 1029
1901 1257
1901 1429
1901 1534
1901 1544
1901 1717
1901 1810
1901 1920
1901 1943
1902 219
1902 926
1902 1019
1902 1093
1902 1146
1902 1248
1902 1323
1902 1367
1902 1442
1902 1461
1902 1508
1902 1537
1902 1540
1902 1694
1902 1782
1902 1791
1902 1792
1902 1793
1902 1800
1902 1839
1902 1843
1902 1969
1902 2009
1903 607
1903 608
1903 778
1903 1005
1903 1008
1903 1294
1903 1394
1903 1532
1903 1660
1903 1863
1903 1924
1904 561
1904 1103
1904 1145
1904 1255
1904 1363
1904 1549
1904 1587
1904 1826
1904 1828
1904 1844
1904 1934
1904 1974
1904 1982
1904 1991
1906 956
1906 1384
1907 561
1907 578
1907 608
1907 711
1907 956
1907 1005
1907 1044
1907 1092
1907 1105
1907 1123
1907 1220
1907 1252
1907 1286
1907 1360
1907 1410
1907 1441
1907 1526
1907 1532
1907 1591
1907 1596
1907 1626
1907 1644
1907 1786
1907 1797
1907 1799
1907 1806
1907 1817
1907 1822
1907 1841
1907 1924
1907 1973
1908 840
1908 1044
1908 1045
1908 1253
1908 1641
1908 1642
1908 1689
1908 1825
1908 1999
1909 93
1909 118
1909 196
1909 283
1909 972
1909 1077
1909 1093
1909 1228
1909 1252
1909 1383
1909 1523
1909 1660
1909 1669
1909 1703
1909 1746
1909 1751
1909 1755
1909 1775
1909 1784
1909 1789
1909 1805
1909 1815
1909 1844
1909 1954
1909 1979
1910 926
1910 956
1910 1015
1910 1071
1910 1193
1910 1360
1910 1384
1910 1477
1910 1531
1910 1654
1910 1774
1910 1822
1910 1933
1910 1977
1911 297
1911 951
1911 961
1911 1272
1911 1549
1911 1579
1911 1588
1911 1776
1911 1785
1912 1195
1912 1305
1912 1335
1912 1360
1912 1519
1912 1596
1912 1792
1912 1805
1912 1813
1912 1918
1912 1927
1913 1195
1913 1348
1913 1383
1913 1522
1913 1589
1913 1590
1913 1593
1913 1972
1913 1982
1914 1423
1914 1592
1914 1803
1914 1915
1915 1423
1915 1592
1915 1803
1915 1914
1916 1094
1916 1138
1916 1224
1916 1245
1916 1394
1916 1439
1916 1457
1916 1490
1916 1542
1916 1623
1916 1660
1916 1676
1916 1777
1916 1802
1916 1810
1916 1814
1916 1917
1916 1919
1916 1967
1916 1979
1917 1094
1917 1490
1917 1542
1917 1623
1917 1802
1917 1814
1917 1916
1917 1967
1918 433
1918 711
1918 986
1918 1015
1918 1082
1918 1086
1918 1195
1918 1269
1918 1335
1918 1360
1918 1491
1918 1596
1918 1612
1918 1661
1918 1677
1918 1728
1918 1758
1918 1792
1918 1805
1918 1813
1918 1854
1918 1912
1918 1927
1918 1938
1918 1975
1918 1997
1918 2015
1919 460
1919 622
1919 711
1919 786
1919 956
1919 1024
1919 1040
1919 1112
1919 1138
1919 1220
1919 1245
1919 1285
1919 1394
1919 1436
1919 1439
1919 1440
1919 1441
1919 1457
1919 1458
1919 1503
1919 1544
1919 1641
1919 1654
1919 1660
1919 1676
1919 1728
1919 1741
1919 1752
1919 1753
1919 1777
1919 1792
1919 1810
1919 1822
1919 1916
1919 1955
1919 1974
1919 1979
1919 1981
1919 2015
1920 18
1920 150
1920 196
1920 519
1920 585
1920 622
1920 961
1920 1025
1920 1029
1920 1037
1920 1257
1920 1424
1920 1429
1920 1523
1920 1534
1920 1544
1920 1685
1920 1717
1920 1795
1920 1806
1920 1809
1920 1901
1920 1943
1920 1963
1921 961
1921 1025
1921 1069
1921 1076
1921 1128
1921 1192
1921 1285
1921 1458
1921 1531
1921 1532
1921 1924
1921 1982
1922 23
1922 554
1922 1090
1922 1146
1922 1253
1922 1377
1922 1531
1922 1593
1922 1642
1922 1687
1922 1780
1922 1799
1922 1817
1922 1890
1922 1928
1922 1938
1923 43
1923 150
1923 259
1923 260
1923 285
1923 711
1923 877
1923 1090
1923 1106
1923 1193
1923 1245
1923 1252
1923 1253
1923 1255
1923 1282
1923 1283
1923 1383
1923 1441
1923 1527
1923 1534
1923 1693
1923 1777
1923 1786
1923 1792
1923 1801
1923 1817
1923 1819
1923 1827
1923 1900
1923 1928
1923 1951
1924 500
1924 561
1924 578
1924 595
1924 607
1924 608
1924 711
1924 950
1924 961
1924 1005
1924 1008
1924 1025
1924 1044
1924 1069
1924 1076
1924 1077
1924 1081
1924 1092
1924 1105
1924 1123
1924 1128
1924 1205
1924 1216
1924 1220
1924 1252
1924 1257
1924 1285
1924 1292
1924 1294
1924 1360
1924 1377
1924 1410
1924 1440
1924 1441
1924 1442
1924 1458
1924 1510
1924 1523
1924 1526
1924 1531
1924 1532
1924 1581
1924 1586
1924 1591
1924 1597
1924 1644
1924 1689
1924 1786
1924 1789
1924 1793
1924 1797
1924 1799
1924 1811
1924 1816
1924 1817
1924 1822
1924 1841
1924 1842
1924 1903
1924 1907
1924 1921
1924 1936
1924 1971
1924 1973
1926 1178
1927 255
1927 938
1927 1335
1927 1360
1927 1429
1927 1507
1927 1696
1927 1716
1927 1779
1927 1792
1927 1805
1927 1809
1927 1817
1927 1884
1927 1912
1927 1918
1928 23
1928 43
1928 255
1928 346
1928 877
1928 975
1928 1001
1928 1119
1928 1139
1928 1283
1928 1420
1928 1531
1928 1538
1928 1593
1928 1652
1928 1693
1928 1757
1928 1799
1928 1922
1928 1923
1933 316
1933 413
1933 460
1933 751
1933 861
1933 864
1933 956
1933 961
1933 980
1933 1007
1933 1046
1933 1068
1933 1069
1933 1076
1933 1077
1933 1102
1933 1104
1933 1193
1933 1222
1933 1228
1933 1281
1933 1292
1933 1296
1933 1358
1933 1370
1933 1377
1933 1384
1933 1440
1933 1477
1933 1542
1933 1653
1933 1658
1933 1709
1933 1753
1933 1774
1933 1782
1933 1802
1933 1811
1933 1818
1933 1822
1933 1823
1933 1831
1933 1842
1933 1844
1933 1861
1933 1884
1933 1910
1933 1934
1933 1963
1933 1970
1933 1973
1933 1977
1934 5
1934 258
1934 260
1934 500
1934 751
1934 877
1934 1222
1934 1228
1934 1457
1934 1484
1934 1559
1934 1579
1934 1588
1934 1648
1934 1656
1934 1682
1934 1814
1934 1819
1934 1824
1934 1828
1934 1831
1934 1904
1934 1933
1936 500
1936 595
1936 983
1936 1049
1936 1076
1936 1123
1936 1205
1936 1216
1936 1220
1936 1282
1936 1305
1936 1309
1936 1348
1936 1579
1936 1586
1936 1605
1936 1644
1936 1679
1936 1689
1936 1703
1936 1799
1936 1816
1936 1924
1937 813
1937 1040
1937 1071
1937 1086
1937 1096
1937 1440
1937 1622
1937 1825
1937 2017
1938 433
1938 709
1938 961
1938 1015
1938 1025
1938 1077
1938 1082
1938 1127
1938 1130
1938 1143
1938 1146
1938 1153
1938 1217
1938 1285
1938 1292
1938 1436
1938 1442
1938 1456
1938 1491
1938 1523
1938 1542
1938 1581
1938 1642
1938 1677
1938 1687
1938 1758
1938 1775
1938 1819
1938 1840
1938 1844
1938 1854
1938 1890
1938 1918
1938 1922
1938 1948
1938 1997
1938 2015
1940 196
1940 259
1940 260
1940 1029
1940 1065
1940 1156
1940 1225
1940 1282
1940 1324
1940 1325
1940 1391
1940 1535
1940 1584
1940 1643
1940 1786
1940 1791
1940 1807
1940 1824
1940 1988
1941 1257
1941 1805
1941 1807
1942 150
1942 364
1942 980
1942 1090
1942 1256
1942 1286
1942 1462
1942 1710
1942 1809
1942 1826
1942 1977
1943 150
1943 1257
1943 1429
1943 1534
1943 1544
1943 1623
1943 1676
1943 1717
1943 1777
1943 1810
1943 1814
1943 1901
1943 1920
1944 182
1944 1656
1944 1685
1944 1819
1944 1961
1946 358
1946 1097
1946 1884
1946 1951
1947 174
1947 980
1948 279
1948 744
1948 956
1948 1222
1948 1753
1948 1831
1948 1938
1948 1955
1951 150
1951 259
1951 260
1951 342
1951 358
1951 711
1951 877
1951 1097
1951 1252
1951 1253
1951 1539
1951 1810
1951 1817
1951 1884
1951 1923
1951 1946
1952 169
1952 747
1952 1724
1952 1958
1953 147
1953 861
1953 1044
1953 1045
1953 1490
1953 1522
1953 1685
1953 1800
1953 1843
1953 1974
1954 93
1954 118
1954 196
1954 248
1954 255
1954 283
1954 340
1954 376
1954 956
1954 1037
1954 1093
1954 1142
1954 1287
1954 1450
1954 1643
1954 1660
1954 1669
1954 1677
1954 1746
1954 1755
1954 1805
1954 1815
1954 1909
1955 279
1955 622
1955 711
1955 744
1955 1222
1955 1316
1955 1436
1955 1441
1955 1511
1955 1728
1955 1822
1955 1919
1955 1948
1955 1974
1958 118
1958 169
1958 918
1958 1101
1958 1142
1958 1263
1958 1412
1958 1501
1958 1618
1958 1952
1959 737
1959 1245
1959 1323
1959 1453
1959 1549
1959 1648
1959 1728
1959 1821
1960 1579
1961 952
1961 1944
1962 537
1962 956
1962 1105
1962 1145
1962 1303
1962 1335
1962 1799
1962 1980
1963 18
1963 92
1963 196
1963 519
1963 861
1963 876
1963 1044
1963 1045
1963 1068
1963 1132
1963 1217
1963 1323
1963 1453
1963 1461
1963 1511
1963 1523
1963 1542
1963 1653
1963 1656
1963 1722
1963 1801
1963 1802
1963 1806
1963 1809
1963 1814
1963 1817
1963 1819
1963 1827
1963 1840
1963 1844
1963 1856
1963 1861
1963 1920
1963 1933
1963 1971
1964 18
1964 1462
1964 1676
1964 1839
1965 689
1965 877
1965 1157
1965 1168
1965 1535
1965 1585
1965 1706
1965 1779
1965 1797
1965 1817
1965 1853
1965 1971
1966 626
1966 964
1966 1015
1966 1071
1966 1111
1966 1145
1966 1193
1966 1195
1966 1207
1966 1230
1966 1253
1966 1286
1966 1356
1966 1436
1966 1613
1966 1654
1966 1677
1966 1709
1966 1795
1966 1796
1966 1826
1966 1841
1966 1977
1967 1094
1967 1224
1967 1542
1967 1623
1967 1777
1967 1802
1967 1811
1967 1814
1967 1815
1967 1819
1967 1916
1967 1917
1968 308
1968 330
1968 861
1968 1011
1968 1082
1968 1472
1968 1620
1968 1889
1968 1979
1969 1093
1969 1367
1969 1436
1969 1537
1969 1694
1969 1709
1969 1800
1969 1843
1969 1902
1970 1102
1970 1933
1970 1977
1971 92
1971 232
1971 689
1971 877
1971 1102
1971 1104
1971 1157
1971 1168
1971 1502
1971 1523
1971 1535
1971 1716
1971 1779
1971 1793
1971 1797
1971 1817
1971 1844
1971 1924
1971 1963
1971 1965
1971 1973
1972 1348
1972 1383
1972 1522
1972 1593
1972 1605
1972 1913
1972 1982
1973 232
1973 316
1973 561
1973 578
1973 608
1973 711
1973 751
1973 840
1973 861
1973 961
1973 1005
1973 1007
1973 1044
1973 1046
1973 1069
1973 1076
1973 1077
1973 1092
1973 1102
1973 1103
1973 1104
1973 1105
1973 1123
1973 1220
1973 1222
1973 1228
1973 1245
1973 1252
1973 1281
1973 1285
1973 1292
1973 1296
1973 1358
1973 1360
1973 1370
1973 1377
1973 1410
1973 1440
1973 1441
1973 1502
1973 1523
1973 1526
1973 1532
1973 1540
1973 1591
1973 1596
1973 1644
1973 1744
1973 1753
1973 1774
1973 1782
1973 1786
1973 1797
1973 1799
1973 1811
1973 1817
1973 1818
1973 1822
1973 1823
1973 1841
1973 1842
1973 1844
1973 1907
1973 1924
1973 1933
1973 1971
1974 147
1974 561
1974 622
1974 711
1974 1044
1974 1045
1974 1103
1974 1255
1974 1436
1974 1441
1974 1515
1974 1728
1974 1822
1974 1844
1974 1904
1974 1919
1974 1953
1974 1955
1975 1918
1976 1174
1977 364
1977 980
1977 1015
1977 1019
1977 1071
1977 1102
1977 1105
1977 1111
1977 1195
1977 1286
1977 1303
1977 1337
1977 1531
1977 1626
1977 1653
1977 1654
1977 1683
1977 1688
1977 1716
1977 1774
1977 1796
1977 1809
1977 1822
1977 1826
1977 1831
1977 1841
1977 1910
1977 1933
1977 1942
1977 1966
1977 1970
1977 1984
1978 1296
1978 1694
1978 1724
1979 330
1979 1252
1979 1324
1979 1357
1979 1439
1979 1457
1979 1580
1979 1620
1979 1660
1979 1676
1979 1705
1979 1751
1979 1777
1979 1810
1979 1814
1979 1820
1979 1823
1979 1862
1979 1909
1979 1916
1979 1919
1979 1968
1979 1986
1980 255
1980 342
1980 883
1980 985
1980 1023
1980 1050
1980 1076
1980 1105
1980 1442
1980 1543
1980 1658
1980 1962
1981 786
1981 956
1981 1040
1981 1112
1981 1285
1981 1440
1981 1441
1981 1641
1981 1678
1981 1919
1981 2015
1982 1145
1982 1192
1982 1348
1982 1383
1982 1522
1982 1549
1982 1587
1982 1593
1982 1826
1982 1904
1982 1913
1982 1921
1982 1972
1982 1991
1984 358
1984 1806
1984 1977
1986 1324
1986 1580
1986 1705
1986 1814
1986 1820
1986 1823
1986 1979
1988 689
1988 1643
1988 1791
1988 1940
1991 498
1991 500
1991 1040
1991 1145
1991 1197
1991 1541
1991 1549
1991 1587
1991 1776
1991 1788
1991 1826
1991 1904
1991 1982
1993 1361
1997 433
1997 1015
1997 1082
1997 1491
1997 1677
1997 1758
1997 1854
1997 1918
1997 1938
1997 2015
1998 336
1998 809
1998 975
1998 1281
1998 1744
1998 1798
1999 496
1999 1253
1999 1641
1999 1642
1999 1825
1999 1908
2005 1224
2006 926
2006 1066
2006 1272
2006 1283
2006 1288
2006 2012
2007 956
2008 895
2008 1175
2008 1755
2009 554
2009 1019
2009 1092
2009 1123
2009 1791
2009 1792
2009 1902
2011 964
2011 983
2011 1792
2012 622
2012 1662
2012 1727
2012 2006
2013 1576
2013 1595
2013 1782
2015 433
2015 748
2015 786
2015 956
2015 986
2015 1015
2015 1040
2015 1082
2015 1112
2015 1143
2015 1153
2015 1269
2015 1285
2015 1440
2015 1491
2015 1596
2015 1612
2015 1641
2015 1661
2015 1677
2015 1758
2015 1854
2015 1918
2015 1919
2015 1938
2015 1981
2015 1997
2017 1937
