18 1576 0.1111111111111111
117 585 0.14285714285714285
232 1130 0.2
285 481 0.2
439 1705 0.3333333333333333
478 1375 0.3333333333333333
478 1753 0.5
481 285 0.2
574 1820 0.25
585 117 0.14285714285714285
626 1335 0.14285714285714285
666 777 1.0
777 666 1.0
951 1812 0.2
1039 1676 0.125
1090 1585 0.25
1123 2012 0.2857142857142857
1130 232 0.2
1139 1992 1.0
1142 1577 0.25
1237 1636 0.16666666666666666
1244 1342 0.5
1269 1688 0.2
1296 1354 0.16666666666666666
1335 626 0.14285714285714285
1342 1244 0.5
1354 1296 0.16666666666666666
1375 478 0.3333333333333333
1375 1753 0.5
1559 1772 0.3333333333333333
1576 18 0.1111111111111111
1577 1142 0.25
1585 1090 0.25
1591 1750 0.16666666666666666
1636 1237 0.16666666666666666
1676 1039 0.125
1688 1269 0.2
1705 439 0.3333333333333333
1750 1591 0.16666666666666666
1753 478 0.5
1753 1375 0.5
1772 1559 0.3333333333333333
1787 1993 0.2
1812 951 0.2
1817 1923 0.16666666666666666
1820 574 0.25
1838 1955 0.25
1923 1817 0.16666666666666666
1955 1838 0.25
1992 1139 1.0
1993 1787 0.2
2012 1123 0.2857142857142857
