33 146 1
37 4468 1
48 47 1
81 214 1
84 84 1
93 2669 1
95 187 1
95 3260 1
120 30 1
169 2723 1
169 4607 1
169 4463 1
169 296 1
174 107 1
174 173 1
174 2393 1
182 3802 1
182 4713 1
186 2403 1
188 4595 1
188 3650 1
193 102 1
209 3674 1
209 344 1
230 2525 1
230 4562 1
232 2788 1
232 814 1
232 233 1
232 3519 1
232 3294 1
232 4091 1
232 4703 1
247 2199 1
255 3672 1
258 4230 1
259 2249 1
260 2504 1
278 35 1
283 134 1
283 271 1
285 4029 1
288 3029 1
288 3693 1
297 2916 1
308 3921 1
308 2225 1
308 2227 1
319 499 1
319 2326 1
319 2324 1
328 3870 1
330 4530 1
330 56 1
330 57 1
330 2559 1
330 4591 1
330 2377 1
330 3331 1
330 55 1
335 4528 1
336 2772 1
336 2180 1
336 2164 1
338 3702 1
338 3344 1
338 4057 1
338 4672 1
340 148 1
340 146 1
340 4162 1
340 4444 1
340 62 1
340 3014 1
340 365 1
342 4593 1
342 2891 1
342 3601 1
342 2513 1
342 4577 1
356 2796 1
372 4262 1
372 371 1
372 4261 1
372 2888 1
372 2178 1
373 2369 1
373 2845 1
394 2264 1
394 2443 1
398 3878 1
398 2179 1
398 395 1
398 2176 1
398 4251 1
410 407 1
410 406 1
410 403 1
410 405 1
410 409 1
410 408 1
410 404 1
423 4102 1
423 2710 1
426 2569 1
426 427 1
436 90 1
438 438 1
457 2416 1
457 3123 1
457 2774 1
463 3625 1
463 3595 1
463 4338 1
466 467 1
472 388 1
478 3785 1
478 269 1
479 2189 1
479 220 1
479 2255 1
479 2902 1
481 514 1
484 2856 1
485 142 1
488 4332 1
488 3375 1
488 2805 1
488 2629 1
496 494 1
500 3068 1
515 4265 1
537 4369 1
537 3657 1
537 4615 1
537 4583 1
554 2583 1
554 29 1
554 2282 1
560 2311 1
560 2313 1
560 2312 1
561 418 1
564 172 1
578 4292 1
578 4605 1
585 1769 1
585 40 1
589 3114 1
595 530 1
595 3277 1
599 2719 1
599 3934 1
599 4716 1
599 2776 1
600 602 1
600 3307 1
600 3744 1
600 2489 1
600 2362 1
607 3243 1
607 4596 1
608 608 1
608 108 1
612 2667 1
612 4258 1
612 26 1
620 4705 1
620 87 1
620 2158 1
622 3439 1
622 3259 1
622 145 1
622 3032 1
622 144 1
622 164 1
626 2714 1
626 4448 1
626 2476 1
626 4449 1
626 4516 1
626 4373 1
626 4348 1
656 445 1
656 3161 1
664 4732 1
664 489 1
664 96 1
664 323 1
664 816 1
664 2528 1
668 2381 1
668 4548 1
669 4266 1
674 2579 1
674 334 1
674 2486 1
678 2819 1
678 4168 1
679 212 1
680 76 1
683 368 1
683 4060 1
683 2775 1
687 3914 1
689 2470 1
689 2472 1
689 3633 1
698 2322 1
698 3486 1
700 3927 1
700 3772 1
700 171 1
700 4602 1
700 3909 1
700 758 1
700 549 1
700 42 1
719 195 1
719 2668 1
719 65 1
720 705 1
720 3750 1
720 553 1
720 3366 1
720 321 1
721 3494 1
721 198 1
722 3381 1
724 3223 1
724 526 1
724 2405 1
724 3426 1
738 2890 1
746 1320 1
746 801 1
746 30 1
746 4483 1
746 146 1
746 936 1
746 222 1
746 2803 1
746 343 1
746 63 1
746 2514 1
746 20 1
746 361 1
746 4098 1
746 546 1
746 345 1
746 3505 1
746 3653 1
746 120 1
746 3122 1
746 83 1
746 3685 1
747 3270 1
747 291 1
747 362 1
747 3497 1
747 382 1
747 292 1
747 583 1
747 2454 1
747 3454 1
748 2349 1
748 129 1
748 587 1
748 3313 1
751 4588 1
751 4537 1
762 2477 1
762 2786 1
762 3855 1
762 3869 1
763 2329 1
776 69 1
776 3779 1
776 4582 1
776 4264 1
776 3514 1
779 451 1
779 2706 1
779 2143 1
779 4208 1
779 440 1
786 459 1
786 85 1
786 80 1
786 166 1
787 363 1
787 4505 1
787 4174 1
789 2742 1
789 2041 1
793 3008 1
809 2507 1
809 4601 1
809 4159 1
809 3527 1
809 4150 1
815 2872 1
815 3305 1
818 3833 1
818 2721 1
818 4639 1
818 2601 1
840 841 1
840 836 1
840 644 1
840 845 1
840 848 1
840 843 1
840 4474 1
840 850 1
840 3379 1
840 834 1
840 847 1
840 824 1
840 628 1
840 2744 1
840 830 1
840 849 1
840 853 1
840 3721 1
840 842 1
840 643 1
840 852 1
840 3220 1
840 651 1
840 2498 1
840 838 1
840 3110 1
840 854 1
840 4618 1
840 844 1
840 846 1
840 851 1
855 4702 1
855 2946 1
855 639 1
859 3834 1
859 642 1
861 4089 1
861 199 1
861 2570 1
861 3303 1
861 3358 1
861 2592 1
861 301 1
861 3871 1
861 2990 1
861 3950 1
861 3645 1
861 154 1
861 2633 1
861 298 1
861 299 1
861 302 1
861 4594 1
861 2077 1
861 2800 1
861 3788 1
861 3078 1
861 2806 1
861 4635 1
861 110 1
861 4566 1
861 2481 1
861 3710 1
864 4164 1
864 3726 1
864 633 1
864 632 1
864 2361 1
864 281 1
864 645 1
877 3940 1
877 4679 1
877 111 1
877 2712 1
877 2765 1
883 207 1
883 2284 1
883 2289 1
883 4246 1
888 539 1
888 2994 1
890 4093 1
890 893 1
890 3142 1
890 894 1
890 3481 1
890 3887 1
890 2610 1
890 4561 1
890 4563 1
890 3760 1
890 4488 1
890 3188 1
890 4714 1
890 4461 1
890 3325 1
890 3704 1
890 3990 1
899 3118 1
899 2638 1
899 310 1
899 431 1
899 2887 1
899 88 1
899 3135 1
902 2836 1
902 788 1
910 2645 1
910 2818 1
910 2256 1
910 3478 1
915 3097 1
915 4447 1
918 4695 1
920 3854 1
921 354 1
921 575 1
922 4540 1
922 4544 1
922 2685 1
922 17 1
922 3798 1
922 2238 1
922 486 1
922 2636 1
922 4302 1
922 4272 1
922 3836 1
922 3913 1
922 3928 1
924 4634 1
924 4508 1
924 2857 1
926 4693 1
933 4392 1
933 3329 1
935 3642 1
935 4694 1
937 4559 1
938 10 1
938 3348 1
949 2565 1
951 718 1
951 527 1
956 2341 1
956 2540 1
956 3435 1
964 434 1
964 2676 1
964 3005 1
965 3646 1
965 552 1
965 911 1
965 551 1
965 2671 1
965 4550 1
965 3082 1
965 3592 1
965 3570 1
965 542 1
965 3405 1
965 3699 1
972 559 1
972 71 1
972 692 1
972 4001 1
972 558 1
972 3632 1
972 2030 1
972 691 1
972 2027 1
972 2552 1
972 2573 1
972 3562 1
972 2036 1
973 4722 1
973 2726 1
973 2842 1
973 4004 1
973 272 1
973 768 1
975 2417 1
975 3712 1
975 3761 1
975 858 1
975 3414 1
975 2989 1
975 857 1
975 831 1
975 641 1
975 640 1
980 4517 1
980 4073 1
980 385 1
980 3208 1
980 360 1
980 4058 1
980 375 1
980 3046 1
980 4506 1
980 4518 1
980 3984 1
980 3384 1
980 4505 1
980 889 1
980 2356 1
980 189 1
980 470 1
983 2844 1
985 192 1
985 3865 1
985 3152 1
985 2697 1
986 4729 1
986 190 1
986 2837 1
992 4539 1
992 819 1
992 2896 1
997 3323 1
1002 728 1
1002 730 1
1005 3654 1
1005 1054 1
1011 2231 1
1011 2229 1
1011 2327 1
1011 2271 1
1013 4576 1
1013 3612 1
1013 2965 1
1013 2956 1
1015 4475 1
1019 246 1
1021 4441 1
1023 58 1
1023 89 1
1023 418 1
1023 2482 1
1024 425 1
1026 4573 1
1032 3946 1
1032 580 1
1032 4064 1
1032 2310 1
1032 568 1
1037 3662 1
1039 3388 1
1039 257 1
1039 3567 1
1041 869 1
1044 592 1
1045 533 1
1046 2484 1
1046 3403 1
1046 2877 1
1046 2867 1
1046 4113 1
1046 4492 1
1046 3281 1
1046 2567 1
1053 2050 1
1053 2955 1
1057 1056 1
1057 1055 1
1057 929 1
1065 4191 1
1065 3255 1
1065 4192 1
1065 3705 1
1065 240 1
1066 2228 1
1066 2276 1
1066 3681 1
1069 3054 1
1069 2378 1
1069 954 1
1069 3792 1
1069 3213 1
1069 1070 1
1069 3406 1
1069 621 1
1071 2107 1
1072 4242 1
1072 2548 1
1081 3918 1
1081 739 1
1081 2616 1
1081 2048 1
1081 2771 1
1081 2517 1
1081 2078 1
1081 4641 1
1081 2049 1
1082 3172 1
1082 4718 1
1086 4730 1
1086 749 1
1086 2190 1
1086 454 1
1086 2315 1
1086 183 1
1086 586 1
1087 464 1
1096 315 1
1096 2188 1
1096 3666 1
1096 2150 1
1096 2493 1
1096 2692 1
1097 2529 1
1097 3826 1
1101 2478 1
1101 4467 1
1101 2750 1
1101 4484 1
1101 4398 1
1101 3195 1
1101 3920 1
1101 2943 1
1101 4473 1
1101 4268 1
1101 2451 1
1101 3619 1
1101 3084 1
1103 699 1
1103 2072 1
1103 3733 1
1103 775 1
1103 3404 1
1103 629 1
1103 581 1
1105 353 1
1105 1003 1
1111 1014 1
1114 791 1
1114 2981 1
1114 417 1
1115 254 1
1115 2260 1
1115 808 1
1115 4158 1
1115 3318 1
1115 976 1
1117 4182 1
1117 3335 1
1117 2133 1
1117 3725 1
1117 2928 1
1117 2198 1
1117 4295 1
1117 4278 1
1118 2934 1
1118 250 1
1118 627 1
1118 3969 1
1118 141 1
1118 277 1
1118 4512 1
1118 3980 1
1118 3660 1
1119 465 1
1119 79 1
1123 616 1
1123 377 1
1123 4037 1
1123 98 1
1123 3155 1
1123 792 1
1123 904 1
1126 3077 1
1126 4215 1
1126 518 1
1127 2025 1
1127 909 1
1127 3264 1
1127 2331 1
1128 503 1
1128 732 1
1128 2021 1
1130 832 1
1130 4465 1
1130 3840 1
1130 4071 1
1130 2764 1
1130 3890 1
1130 3561 1
1132 3584 1
1132 4637 1
1132 4155 1
1132 4072 1
1134 670 1
1134 2768 1
1134 4677 1
1134 613 1
1134 4542 1
1138 2022 1
1138 2388 1
1138 4673 1
1138 3232 1
1138 3891 1
1142 2933 1
1142 4480 1
1145 293 1
1146 2906 1
1146 521 1
1146 1129 1
1146 1010 1
1153 2968 1
1153 1210 1
1153 1208 1
1153 2904 1
1153 1206 1
1153 892 1
1153 4040 1
1153 251 1
1153 2622 1
1153 2515 1
1153 3771 1
1157 46 1
1157 1042 1
1160 2440 1
1160 3038 1
1166 384 1
1166 221 1
1166 378 1
1166 667 1
1166 381 1
1168 213 1
1168 2608 1
1168 295 1
1168 557 1
1168 320 1
1168 912 1
1174 274 1
1174 184 1
1174 573 1
1174 3456 1
1174 3545 1
1175 2538 1
1180 823 1
1180 833 1
1180 3963 1
1180 4469 1
1180 865 1
1181 521 1
1181 3447 1
1182 588 1
1186 2961 1
1186 806 1
1186 211 1
1186 1084 1
1186 4176 1
1186 703 1
1186 802 1
1186 305 1
1186 3795 1
1186 4249 1
1186 898 1
1186 2298 1
1186 3895 1
1186 3747 1
1187 943 1
1187 2757 1
1189 631 1
1189 1035 1
1189 1761 1
1189 658 1
1189 638 1
1189 907 1
1189 2352 1
1189 4491 1
1191 2815 1
1191 216 1
1191 2604 1
1191 4700 1
1191 4096 1
1192 1852 1
1193 923 1
1193 3898 1
1193 3817 1
1197 180 1
1197 978 1
1197 2029 1
1197 3326 1
1198 4206 1
1204 2212 1
1204 3450 1
1204 2210 1
1204 2986 1
1205 3624 1
1205 2366 1
1205 3905 1
1205 2831 1
1216 2419 1
1217 4267 1
1230 1033 1
1230 337 1
1230 908 1
1230 450 1
1230 1230 1
1237 4481 1
1237 2664 1
1238 4186 1
1238 2640 1
1238 4546 1
1238 2809 1
1238 3248 1
1238 4092 1
1238 3908 1
1238 2444 1
1238 4691 1
1241 1242 1
1241 3059 1
1241 2343 1
1241 390 1
1245 202 1
1245 3312 1
1245 3094 1
1245 4648 1
1245 4185 1
1245 1060 1
1245 726 1
1245 461 1
1245 729 1
1245 303 1
1245 2575 1
1245 3649 1
1245 727 1
1245 994 1
1245 3943 1
1245 745 1
1245 4082 1
1252 605 1
1252 3537 1
1252 695 1
1253 1017 1
1253 2159 1
1255 2730 1
1255 710 1
1255 421 1
1255 3720 1
1256 962 1
1256 2240 1
1256 2280 1
1256 2834 1
1256 928 1
1256 3597 1
1256 927 1
1256 516 1
1256 3578 1
1256 4188 1
1258 2647 1
1258 15 1
1258 3591 1
1258 3532 1
1258 2385 1
1258 615 1
1258 3167 1
1258 294 1
1258 458 1
1258 14 1
1258 3961 1
1258 4642 1
1258 3342 1
1258 4543 1
1261 4325 1
1261 2 1
1261 3175 1
1261 3756 1
1261 3470 1
1261 4326 1
1263 4014 1
1263 3574 1
1264 391 1
1264 2422 1
1264 3429 1
1264 2813 1
1266 2342 1
1266 1234 1
1266 53 1
1266 3159 1
1266 3517 1
1266 3469 1
1266 2927 1
1266 3351 1
1266 4526 1
1266 3 1
1266 3647 1
1266 4301 1
1266 506 1
1266 4735 1
1266 2892 1
1266 3464 1
1266 1235 1
1266 4 1
1266 2650 1
1266 4578 1
1266 971 1
1266 4335 1
1266 2763 1
1266 3552 1
1266 4734 1
1266 4658 1
1266 3755 1
1266 1266 1
1266 1233 1
1266 4599 1
1266 4671 1
1266 2480 1
1266 4498 1
1266 2372 1
1266 4659 1
1266 4106 1
1266 4049 1
1266 3730 1
1266 4574 1
1266 3199 1
1266 2912 1
1269 2283 1
1269 177 1
1269 2576 1
1269 2894 1
1269 2886 1
1269 4088 1
1269 2290 1
1269 4558 1
1269 2457 1
1269 2281 1
1272 4224 1
1272 4572 1
1272 576 1
1272 1169 1
1272 2657 1
1272 3694 1
1272 3369 1
1272 4180 1
1272 3827 1
1272 91 1
1272 596 1
1272 2870 1
1272 756 1
1276 2674 1
1276 3158 1
1276 3697 1
1276 3328 1
1276 4397 1
1276 3897 1
1276 3718 1
1276 3923 1
1286 2292 1
1287 2508 1
1287 990 1
1287 1031 1
1287 4127 1
1287 796 1
1287 1159 1
1288 540 1
1288 67 1
1288 1125 1
1292 1291 1
1294 2406 1
1294 979 1
1294 2673 1
1296 3611 1
1302 3390 1
1302 2348 1
1302 3440 1
1302 2466 1
1302 4523 1
1302 4399 1
1302 2838 1
1302 3925 1
1302 4368 1
1302 2659 1
1302 2605 1
1302 4417 1
1302 2687 1
1302 3413 1
1302 3930 1
1303 579 1
1303 2397 1
1303 3607 1
1303 2699 1
1303 2874 1
1303 2814 1
1303 4379 1
1303 2648 1
1303 4167 1
1303 3129 1
1303 4347 1
1303 3620 1
1303 2560 1
1305 2717 1
1305 4425 1
1305 2686 1
1305 4059 1
1305 4407 1
1305 4350 1
1305 2639 1
1305 3714 1
1305 3181 1
1305 1273 1
1305 3811 1
1305 2630 1
1305 2415 1
1305 1279 1
1305 2563 1
1305 2394 1
1305 3268 1
1305 3872 1
1305 2587 1
1305 1298 1
1305 4403 1
1305 4554 1
1305 3190 1
1305 4412 1
1305 4384 1
1305 4033 1
1305 3363 1
1305 4406 1
1305 4489 1
1307 4028 1
1307 3023 1
1307 3133 1
1307 2729 1
1307 2620 1
1307 3153 1
1307 3476 1
1307 3446 1
1307 2401 1
1307 3543 1
1307 159 1
1307 3613 1
1307 1300 1
1307 3987 1
1307 3048 1
1307 3569 1
1309 3119 1
1309 2703 1
1309 4024 1
1309 3475 1
1309 3216 1
1309 4010 1
1309 2756 1
1309 4079 1
1309 2893 1
1309 3858 1
1309 2469 1
1309 2557 1
1309 4402 1
1309 4404 1
1309 4400 1
1309 3615 1
1311 3236 1
1311 3596 1
1311 2623 1
1313 4112 1
1313 4250 1
1313 3089 1
1316 4665 1
1316 3991 1
1316 52 1
1316 3656 1
1316 4535 1
1316 2606 1
1317 2675 1
1317 4416 1
1317 3006 1
1317 3547 1
1317 4490 1
1317 4056 1
1318 4160 1
1318 3393 1
1318 531 1
1318 4144 1
1318 3205 1
1319 3791 1
1319 2879 1
1319 276 1
1319 3616 1
1319 387 1
1319 1200 1
1319 2599 1
1319 1154 1
1319 1120 1
1319 1417 1
1319 2541 1
1319 2344 1
1319 582 1
1319 435 1
1322 3212 1
1322 2823 1
1323 860 1
1323 3618 1
1333 3103 1
1333 715 1
1333 483 1
1333 3861 1
1333 2496 1
1333 256 1
1333 284 1
1333 2996 1
1333 462 1
1333 200 1
1333 3701 1
1333 482 1
1333 2885 1
1333 803 1
1333 3587 1
1333 127 1
1336 590 1
1338 697 1
1338 923 1
1338 3373 1
1342 3952 1
1342 2635 1
1342 2851 1
1342 4589 1
1342 3415 1
1342 2637 1
1342 4066 1
1342 2909 1
1343 4452 1
1343 4456 1
1343 4458 1
1343 3410 1
1343 4008 1
1343 4663 1
1345 3563 1
1345 2801 1
1345 2812 1
1345 4256 1
1345 4385 1
1346 3432 1
1346 2746 1
1346 3219 1
1346 3822 1
1346 4085 1
1346 3821 1
1346 3299 1
1346 3495 1
1346 3471 1
1346 4087 1
1349 2502 1
1349 3981 1
1349 4007 1
1356 881 1
1356 139 1
1358 3421 1
1358 137 1
1358 2332 1
1360 532 1
1360 4270 1
1360 1141 1
1366 811 1
1367 901 1
1367 960 1
1370 1133 1
1373 3036 1
1373 4135 1
1373 4101 1
1373 4328 1
1373 3269 1
1373 4337 1
1374 734 1
1374 4196 1
1374 2019 1
1374 4200 1
1375 389 1
1375 1184 1
1375 1719 1
1375 2020 1
1376 1184 1
1377 2275 1
1378 2611 1
1378 2680 1
1378 2304 1
1378 535 1
1378 101 1
1378 2140 1
1379 550 1
1381 905 1
1381 2900 1
1381 3024 1
1381 2539 1
1381 3156 1
1381 630 1
1381 828 1
1381 4294 1
1381 648 1
1381 856 1
1381 3209 1
1381 2596 1
1381 4616 1
1381 839 1
1381 3113 1
1382 4627 1
1382 4260 1
1382 2112 1
1382 4248 1
1382 2121 1
1382 2125 1
1382 3993 1
1389 4296 1
1395 2441 1
1395 2536 1
1395 4476 1
1402 3753 1
1402 476 1
1402 2882 1
1402 4310 1
1402 3623 1
1402 2683 1
1402 4365 1
1402 3894 1
1402 3960 1
1403 871 1
1403 4662 1
1403 2752 1
1403 4509 1
1403 2833 1
1403 4099 1
1405 4367 1
1405 3912 1
1405 3819 1
1405 2859 1
1405 4439 1
1405 3228 1
1405 4383 1
1405 2849 1
1405 4330 1
1405 2520 1
1405 3703 1
1405 2903 1
1405 2759 1
1406 3675 1
1406 697 1
1406 3742 1
1406 2755 1
1406 3825 1
1406 2709 1
1406 2661 1
1406 74 1
1406 3886 1
1406 4202 1
1406 3962 1
1406 1567 1
1406 2878 1
1406 3679 1
1406 3605 1
1406 2925 1
1406 2679 1
1409 3752 1
1409 3669 1
1409 106 1
1410 3288 1
1410 2364 1
1410 804 1
1410 635 1
1410 2334 1
1410 2432 1
1410 3573 1
1410 998 1
1410 3808 1
1411 3428 1
1411 2754 1
1411 2447 1
1411 2181 1
1411 3240 1
1411 3555 1
1411 2386 1
1411 3588 1
1411 3581 1
1411 3557 1
1412 3028 1
1412 4482 1
1412 2718 1
1421 760 1
1421 885 1
1423 4193 1
1423 4035 1
1428 4117 1
1428 4487 1
1428 3529 1
1428 444 1
1429 2615 1
1429 3234 1
1429 2367 1
1429 4140 1
1430 2505 1
1433 3412 1
1433 1165 1
1433 2363 1
1433 3079 1
1434 3880 1
1434 3229 1
1434 946 1
1434 2357 1
1434 2586 1
1434 4600 1
1436 2224 1
1436 4479 1
1436 1149 1
1436 604 1
1436 208 1
1439 1439 1
1440 1438 1
1440 1529 1
1440 243 1
1441 733 1
1441 968 1
1441 242 1
1450 3256 1
1450 919 1
1450 341 1
1450 4443 1
1450 3500 1
1450 119 1
1450 702 1
1452 3941 1
1452 4536 1
1452 1163 1
1452 2944 1
1453 4238 1
1453 4078 1
1453 2100 1
1453 4068 1
1453 3885 1
1453 2047 1
1453 4687 1
1457 2232 1
1457 3263 1
1460 3171 1
1460 4203 1
1460 3568 1
1461 1009 1
1461 419 1
1462 4630 1
1465 4149 1
1465 2382 1
1465 993 1
1465 4682 1
1465 805 1
1465 4019 1
1465 474 1
1465 3502 1
1465 2574 1
1465 2092 1
1466 4584 1
1466 3165 1
1472 1331 1
1472 2235 1
1472 556 1
1472 2136 1
1476 446 1
1476 2261 1
1476 4494 1
1476 447 1
1477 822 1
1477 2731 1
1477 3768 1
1477 339 1
1478 1512 1
1478 4320 1
1478 3775 1
1478 2751 1
1478 3063 1
1478 584 1
1478 2897 1
1478 2716 1
1478 945 1
1478 4111 1
1478 4063 1
1481 103 1
1481 2351 1
1484 3551 1
1484 3524 1
1484 4045 1
1484 3377 1
1484 3520 1
1484 3468 1
1484 123 1
1484 3844 1
1484 401 1
1484 3011 1
1484 2967 1
1484 677 1
1484 2770 1
1484 3814 1
1485 4016 1
1485 2932 1
1485 2220 1
1485 4313 1
1488 3671 1
1488 3630 1
1488 2167 1
1488 4143 1
1488 4170 1
1489 3144 1
1489 1290 1
1489 2380 1
1489 331 1
1489 4628 1
1489 332 1
1489 4283 1
1490 3092 1
1490 3064 1
1490 3863 1
1490 329 1
1491 3868 1
1491 4047 1
1491 2810 1
1491 4236 1
1491 772 1
1491 3211 1
1491 2333 1
1491 2223 1
1491 4103 1
1493 989 1
1493 3739 1
1493 1380 1
1493 424 1
1493 4709 1
1493 3308 1
1493 2216 1
1493 2519 1
1493 1495 1
1493 4545 1
1493 0 1
1493 4054 1
1493 4157 1
1493 981 1
1493 2265 1
1493 2644 1
1493 3981 1
1493 1144 1
1493 3850 1
1494 2889 1
1494 686 1
1494 3178 1
1494 988 1
1494 1124 1
1496 795 1
1497 4656 1
1497 4647 1
1497 505 1
1497 4675 1
1497 4303 1
1497 3509 1
1497 1742 1
1497 2556 1
1497 4646 1
1497 3933 1
1497 2949 1
1497 2720 1
1497 4684 1
1498 104 1
1498 3043 1
1500 759 1
1501 4115 1
1501 3900 1
1501 3109 1
1501 2973 1
1501 2042 1
1503 3031 1
1503 4532 1
1503 4287 1
1503 4279 1
1503 2618 1
1503 4152 1
1503 244 1
1503 4533 1
1504 3599 1
1504 3748 1
1504 4018 1
1504 594 1
1504 1341 1
1504 3443 1
1507 2510 1
1508 3441 1
1508 137 1
1508 223 1
1508 2437 1
1508 4245 1
1508 3017 1
1509 3191 1
1509 2396 1
1509 4676 1
1509 3218 1
1511 1240 1
1511 3026 1
1511 2499 1
1511 4697 1
1511 3154 1
1511 3394 1
1511 4460 1
1511 3734 1
1511 4050 1
1511 3709 1
1511 3518 1
1511 492 1
1511 3501 1
1511 2414 1
1511 1239 1
1511 3200 1
1511 4721 1
1511 3964 1
1511 4142 1
1511 3073 1
1511 2553 1
1515 2595 1
1515 2336 1
1515 3408 1
1515 774 1
1515 2074 1
1515 1052 1
1515 3430 1
1515 655 1
1515 1172 1
1515 657 1
1515 165 1
1515 2165 1
1515 3386 1
1515 471 1
1515 637 1
1515 563 1
1515 942 1
1515 675 1
1515 2767 1
1515 1116 1
1515 2072 1
1515 176 1
1515 4086 1
1515 380 1
1515 4009 1
1515 2905 1
1515 3684 1
1515 941 1
1515 1173 1
1515 636 1
1515 4415 1
1515 138 1
1515 653 1
1515 3239 1
1515 940 1
1515 4138 1
1515 2076 1
1515 963 1
1515 4529 1
1515 1236 1
1515 3837 1
1515 3815 1
1515 2038 1
1516 4704 1
1517 2939 1
1517 4289 1
1517 3044 1
1517 2919 1
1518 3019 1
1518 2354 1
1518 3290 1
1518 4288 1
1518 2804 1
1526 603 1
1526 1036 1
1527 1327 1
1527 4586 1
1528 2067 1
1528 661 1
1528 2068 1
1528 1362 1
1532 617 1
1532 231 1
1534 45 1
1534 1059 1
1537 2524 1
1537 2439 1
1538 225 1
1538 1438 1
1538 2277 1
1538 1529 1
1539 2127 1
1540 800 1
1540 495 1
1540 1137 1
1542 1147 1
1542 1063 1
1542 2234 1
1544 517 1
1545 743 1
1545 690 1
1546 1330 1
1546 2277 1
1546 1432 1
1546 1530 1
1548 1078 1
1548 741 1
1555 3340 1
1555 4030 1
1555 4081 1
1555 3334 1
1555 3664 1
1555 4151 1
1555 3609 1
1555 2935 1
1555 2370 1
1555 2698 1
1555 4418 1
1555 4414 1
1555 3962 1
1555 4371 1
1555 3126 1
1555 3037 1
1555 3442 1
1555 4026 1
1555 4374 1
1555 2688 1
1557 4125 1
1557 3801 1
1557 1568 1
1557 2727 1
1557 3945 1
1557 2971 1
1557 3883 1
1557 2954 1
1557 3452 1
1557 4062 1
1557 4329 1
1557 4336 1
1557 1564 1
1557 3727 1
1557 3640 1
1557 3997 1
1557 4396 1
1557 2783 1
1557 4165 1
1557 4731 1
1557 1563 1
1557 3192 1
1557 4351 1
1557 2654 1
1557 4358 1
1557 3391 1
1557 4357 1
1557 1565 1
1557 4359 1
1557 4427 1
1557 2400 1
1557 4046 1
1557 4708 1
1557 2670 1
1557 3741 1
1558 2984 1
1558 3530 1
1558 162 1
1558 3274 1
1558 300 1
1559 2449 1
1559 3549 1
1559 3638 1
1559 3422 1
1559 2713 1
1559 4579 1
1560 790 1
1560 3735 1
1560 3150 1
1560 3831 1
1560 4095 1
1560 2995 1
1560 2456 1
1560 3522 1
1560 2847 1
1560 3297 1
1560 3571 1
1566 2766 1
1566 3252 1
1572 1100 1
1572 3116 1
1572 21 1
1576 4229 1
1576 3556 1
1576 3102 1
1576 3644 1
1576 3786 1
1576 4547 1
1576 619 1
1576 3271 1
1576 3965 1
1576 3361 1
1576 3160 1
1576 3320 1
1576 4002 1
1576 3170 1
1576 2239 1
1576 3407 1
1576 2658 1
1577 2533 1
1577 3732 1
1578 39 1
1578 2191 1
1578 2318 1
1578 2200 1
1580 2388 1
1580 348 1
1580 2527 1
1580 994 1
1580 2099 1
1580 1080 1
1580 151 1
1580 347 1
1580 909 1
1580 2082 1
1580 4678 1
1581 870 1
1583 2323 1
1583 2279 1
1583 1007 1
1583 1340 1
1584 2985 1
1585 2988 1
1585 4271 1
1585 2071 1
1585 3040 1
1585 2070 1
1585 676 1
1585 4036 1
1585 2455 1
1585 2250 1
1586 887 1
1586 761 1
1587 1061 1
1588 1027 1
1589 1352 1
1589 374 1
1590 4177 1
1590 736 1
1590 1016 1
1593 3745 1
1593 1329 1
1593 2069 1
1596 2139 1
1596 4730 1
1596 1086 1
1596 2945 1
1599 2402 1
1599 3141 1
1599 3042 1
1599 3959 1
1599 3016 1
1599 4552 1
1599 2561 1
1599 2798 1
1599 3480 1
1599 4352 1
1599 2924 1
1599 4129 1
1599 3659 1
1599 2701 1
1599 2500 1
1599 4391 1
1599 4372 1
1599 4366 1
1599 3093 1
1599 3677 1
1599 3378 1
1599 2427 1
1601 3492 1
1601 3550 1
1601 4470 1
1601 3830 1
1602 2452 1
1602 991 1
1602 4466 1
1603 3848 1
1603 3806 1
1603 4364 1
1603 3904 1
1603 4327 1
1603 3120 1
1603 4434 1
1603 3589 1
1603 4126 1
1603 2930 1
1603 2826 1
1603 3717 1
1604 4725 1
1604 2820 1
1604 2866 1
1604 325 1
1604 3736 1
1604 2794 1
1604 4052 1
1604 2963 1
1604 2585 1
1604 3360 1
1604 4717 1
1604 4324 1
1604 3098 1
1604 2848 1
1604 2840 1
1604 2353 1
1604 4130 1
1605 1301 1
1605 2355 1
1605 3526 1
1605 3828 1
1605 3163 1
1605 4390 1
1605 3280 1
1605 3643 1
1605 4025 1
1605 157 1
1605 3136 1
1605 2929 1
1605 3472 1
1605 4462 1
1605 3203 1
1605 4341 1
1605 2728 1
1605 2998 1
1608 1304 1
1608 4362 1
1608 3866 1
1608 3724 1
1608 3455 1
1608 4380 1
1608 3496 1
1608 3173 1
1608 3896 1
1612 3572 1
1612 2215 1
1612 4343 1
1612 2773 1
1612 3187 1
1612 4123 1
1612 1275 1
1612 2743 1
1612 3864 1
1612 2487 1
1612 1308 1
1612 1280 1
1612 3931 1
1612 2442 1
1612 2387 1
1612 2511 1
1612 4205 1
1612 3759 1
1613 1299 1
1613 1310 1
1613 2487 1
1613 4119 1
1613 4017 1
1613 1610 1
1613 1278 1
1613 1606 1
1613 3125 1
1613 3856 1
1613 2389 1
1617 113 1
1617 3583 1
1617 112 1
1617 2705 1
1617 2987 1
1617 2424 1
1617 3938 1
1617 4652 1
1617 969 1
1617 2964 1
1617 3881 1
1618 2911 1
1618 781 1
1618 3924 1
1621 3047 1
1622 2465 1
1623 794 1
1623 238 1
1623 4281 1
1623 4282 1
1623 2268 1
1623 3851 1
1623 205 1
1623 2266 1
1625 4217 1
1625 2109 1
1625 3617 1
1626 3197 1
1628 3800 1
1629 4216 1
1632 4645 1
1632 4361 1
1632 4651 1
1632 717 1
1632 3989 1
1632 3389 1
1632 114 1
1632 4669 1
1632 3489 1
1632 4640 1
1632 3564 1
1632 4426 1
1632 2722 1
1632 2024 1
1632 2582 1
1632 3531 1
1632 1473 1
1632 4733 1
1632 3757 1
1632 4178 1
1632 3680 1
1632 3515 1
1632 3758 1
1632 570 1
1632 116 1
1632 3673 1
1632 4685 1
1632 4681 1
1632 4243 1
1632 2408 1
1632 4114 1
1632 3398 1
1632 2421 1
1632 3231 1
1632 1896 1
1632 1265 1
1632 3449 1
1632 2631 1
1632 2359 1
1632 2910 1
1632 115 1
1635 4515 1
1635 4486 1
1635 19 1
1635 3066 1
1640 1064 1
1647 743 1
1652 1113 1
1652 3257 1
1653 70 1
1654 170 1
1654 304 1
1654 1459 1
1655 2236 1
1658 923 1
1659 249 1
1659 2875 1
1659 958 1
1659 1254 1
1659 1431 1
1660 1162 1
1660 2232 1
1660 1437 1
1661 764 1
1662 2152 1
1662 386 1
1662 4344 1
1663 3862 1
1663 565 1
1663 4667 1
1663 2345 1
1663 3884 1
1663 3183 1
1663 1202 1
1663 152 1
1663 3000 1
1663 2425 1
1663 3877 1
1663 704 1
1663 3182 1
1663 4692 1
1664 2328 1
1664 4565 1
1664 3332 1
1664 2940 1
1664 307 1
1666 1131 1
1666 3813 1
1666 3560 1
1672 3503 1
1672 2702 1
1672 383 1
1672 1170 1
1672 2816 1
1672 3385 1
1672 3829 1
1672 3690 1
1672 3910 1
1672 282 1
1672 3033 1
1673 2089 1
1673 1334 1
1673 2097 1
1673 3395 1
1673 2102 1
1673 267 1
1673 2690 1
1673 1099 1
1673 2362 1
1673 1713 1
1673 4670 1
1673 143 1
1673 1212 1
1673 1714 1
1673 601 1
1673 1227 1
1673 872 1
1673 2760 1
1673 1404 1
1673 4522 1
1673 3253 1
1673 2096 1
1673 1547 1
1674 4668 1
1674 3511 1
1674 2037 1
1674 2534 1
1674 2999 1
1674 240 1
1676 350 1
1676 4370 1
1676 4354 1
1676 2780 1
1676 4409 1
1676 2093 1
1676 4285 1
1676 3512 1
1676 4621 1
1676 1250 1
1676 3124 1
1676 2778 1
1676 4457 1
1676 4502 1
1676 4184 1
1676 3074 1
1676 4395 1
1676 3230 1
1676 2186 1
1676 2490 1
1676 4284 1
1676 3225 1
1676 3849 1
1676 4223 1
1676 3776 1
1676 3202 1
1676 508 1
1676 3737 1
1676 3780 1
1676 1289 1
1676 2781 1
1676 2542 1
1676 2860 1
1676 4120 1
1676 2418 1
1676 2704 1
1676 4222 1
1676 1122 1
1676 520 1
1676 3773 1
1676 2521 1
1676 1155 1
1676 3916 1
1676 2473 1
1676 994 1
1676 4501 1
1676 3859 1
1676 4430 1
1676 4411 1
1676 4431 1
1676 3330 1
1676 3251 1
1676 3648 1
1676 2132 1
1676 2914 1
1676 3186 1
1679 987 1
1679 1399 1
1681 3081 1
1683 3539 1
1683 2485 1
1683 3262 1
1683 2392 1
1684 2562 1
1684 2368 1
1684 3315 1
1684 534 1
1684 2286 1
1684 4190 1
1684 4587 1
1684 696 1
1685 3899 1
1685 4136 1
1685 2962 1
1685 3227 1
1685 3603 1
1685 4437 1
1685 3580 1
1685 4356 1
1685 3058 1
1685 2975 1
1685 4387 1
1685 1768 1
1687 2434 1
1687 2445 1
1687 4254 1
1687 3942 1
1687 3667 1
1687 3433 1
1687 2151 1
1687 3559 1
1687 684 1
1687 1764 1
1687 2957 1
1687 4568 1
1687 2530 1
1687 2908 1
1688 2141 1
1688 4209 1
1688 2305 1
1688 2145 1
1688 2281 1
1689 3688 1
1689 4696 1
1693 2061 1
1693 4471 1
1694 3553 1
1694 1075 1
1694 521 1
1694 3045 1
1694 522 1
1696 4213 1
1696 3743 1
1696 2104 1
1696 2233 1
1696 2115 1
1696 2110 1
1696 2120 1
1696 2118 1
1696 2194 1
1696 2108 1
1696 3536 1
1696 2269 1
1696 2267 1
1697 3999 1
1698 2295 1
1698 2066 1
1698 2046 1
1698 3477 1
1698 2293 1
1698 2103 1
1698 2288 1
1698 2142 1
1698 2296 1
1699 1231 1
1699 1018 1
1703 2358 1
1703 4299 1
1703 511 1
1703 153 1
1703 4065 1
1703 510 1
1703 4154 1
1704 4181 1
1704 4061 1
1704 3134 1
1704 598 1
1704 2978 1
1704 3879 1
1704 3258 1
1704 3975 1
1704 2808 1
1704 3949 1
1704 1482 1
1704 2672 1
1704 4564 1
1704 97 1
1704 4069 1
1704 4220 1
1704 2827 1
1704 1203 1
1704 4496 1
1704 3548 1
1704 4134 1
1704 770 1
1704 3707 1
1704 3067 1
1704 4629 1
1704 2558 1
1704 3371 1
1704 4610 1
1704 611 1
1704 650 1
1704 3387 1
1704 3485 1
1704 3998 1
1704 2412 1
1704 3138 1
1704 4612 1
1704 3944 1
1704 2572 1
1704 2952 1
1704 2166 1
1704 2428 1
1704 2365 1
1704 4720 1
1704 3626 1
1704 867 1
1704 4070 1
1704 1274 1
1704 2039 1
1704 2829 1
1704 1051 1
1704 3903 1
1704 4067 1
1704 3639 1
1704 3224 1
1704 3767 1
1704 1176 1
1704 3137 1
1704 3763 1
1704 2398 1
1705 3982 1
1705 2862 1
1705 3668 1
1705 558 1
1705 3683 1
1705 4375 1
1705 4653 1
1705 3466 1
1705 3689 1
1705 2663 1
1705 2966 1
1705 2817 1
1706 4567 1
1706 3873 1
1706 2614 1
1706 3210 1
1706 3586 1
1706 913 1
1706 2917 1
1706 810 1
1706 4631 1
1706 2379 1
1706 1226 1
1706 8 1
1707 4146 1
1707 3713 1
1707 2790 1
1707 4497 1
1707 3302 1
1707 3164 1
1708 3002 1
1708 12 1
1708 158 1
1708 4638 1
1709 4290 1
1709 3983 1
1709 3706 1
1709 2450 1
1709 604 1
1709 4478 1
1709 2651 1
1709 2350 1
1709 4257 1
1709 984 1
1709 4015 1
1709 1277 1
1709 2758 1
1709 2546 1
1709 3437 1
1709 2855 1
1709 3050 1
1709 3438 1
1709 4075 1
1709 982 1
1709 4031 1
1709 322 1
1709 1328 1
1709 3874 1
1709 2839 1
1709 208 1
1709 3842 1
1710 4173 1
1710 4442 1
1710 4643 1
1710 4381 1
1712 1213 1
1712 1214 1
1712 1680 1
1712 916 1
1712 3222 1
1712 3490 1
1712 1400 1
1712 1398 1
1712 1711 1
1712 1209 1
1716 3245 1
1716 2881 1
1716 3804 1
1716 3115 1
1716 2195 1
1716 3071 1
1716 3309 1
1716 2196 1
1717 2991 1
1717 3445 1
1717 2741 1
1720 3631 1
1720 3566 1
1720 3018 1
1720 2594 1
1720 4609 1
1720 2554 1
1720 4012 1
1720 3651 1
1721 3782 1
1721 2526 1
1721 3431 1
1721 4644 1
1721 3774 1
1721 4699 1
1723 3112 1
1723 4624 1
1723 3343 1
1724 4590 1
1724 4514 1
1724 2060 1
1724 623 1
1724 4571 1
1724 1062 1
1724 716 1
1724 2853 1
1724 2518 1
1724 2769 1
1724 3099 1
1724 3929 1
1724 2187 1
1724 3593 1
1724 4622 1
1724 2101 1
1724 449 1
1724 3326 1
1725 3474 1
1725 4198 1
1725 2134 1
1725 2737 1
1725 3558 1
1725 3590 1
1725 2266 1
1725 2270 1
1726 2088 1
1726 4228 1
1726 3971 1
1726 4214 1
1726 4538 1
1726 3015 1
1726 3579 1
1727 3119 1
1727 2700 1
1727 4408 1
1727 2655 1
1727 2835 1
1727 4549 1
1727 3954 1
1727 3958 1
1727 2376 1
1727 4314 1
1727 4617 1
1727 3783 1
1727 3508 1
1727 3604 1
1727 1609 1
1727 2587 1
1727 3300 1
1727 3448 1
1727 2612 1
1727 3180 1
1727 3106 1
1727 3166 1
1727 3799 1
1727 3655 1
1727 4124 1
1727 3845 1
1727 4083 1
1727 2390 1
1728 3762 1
1728 3321 1
1728 2920 1
1728 3658 1
1728 2979 1
1728 2632 1
1728 835 1
1728 2869 1
1728 432 1
1728 4503 1
1728 3749 1
1728 3286 1
1728 3853 1
1728 3682 1
1728 4105 1
1728 4084 1
1728 2628 1
1728 2923 1
1728 4074 1
1728 2257 1
1730 873 1
1730 3839 1
1730 2362 1
1731 2488 1
1731 4698 1
1731 239 1
1731 2550 1
1733 3535 1
1733 3419 1
1733 829 1
1733 2753 1
1733 2453 1
1733 3972 1
1733 422 1
1736 1735 1
1737 4510 1
1737 3087 1
1738 4034 1
1738 2921 1
1738 2895 1
1738 2793 1
1738 4393 1
1738 3493 1
1739 2044 1
1739 4353 1
1739 2824 1
1739 3392 1
1739 2544 1
1739 4485 1
1740 3444 1
1740 2832 1
1741 366 1
1741 3327 1
1741 105 1
1741 133 1
1741 4507 1
1741 3053 1
1741 903 1
1743 3121 1
1743 130 1
1743 593 1
1743 2321 1
1743 2263 1
1743 2320 1
1744 3544 1
1744 3621 1
1744 2970 1
1744 2052 1
1744 3888 1
1744 4513 1
1744 4090 1
1744 3279 1
1745 185 1
1745 266 1
1745 974 1
1745 4519 1
1745 1135 1
1745 2846 1
1745 2375 1
1745 3339 1
1745 1247 1
1745 1665 1
1747 735 1
1747 1095 1
1747 572 1
1747 2018 1
1749 306 1
1749 132 1
1749 2083 1
1749 2266 1
1750 4273 1
1750 3506 1
1750 2584 1
1750 2822 1
1750 3627 1
1750 3663 1
1750 4334 1
1751 4108 1
1751 3285 1
1751 4128 1
1751 2613 1
1751 3317 1
1751 2055 1
1751 897 1
1751 2777 1
1751 2081 1
1751 3314 1
1751 3241 1
1751 2430 1
1751 3696 1
1751 2899 1
1751 4080 1
1751 2531 1
1751 4076 1
1751 4139 1
1752 1355 1
1752 2843 1
1752 3282 1
1752 706 1
1752 1670 1
1752 2163 1
1753 807 1
1753 2360 1
1753 3906 1
1755 2040 1
1756 4048 1
1756 3483 1
1756 2682 1
1756 1514 1
1756 547 1
1756 548 1
1756 3678 1
1756 3554 1
1757 2156 1
1757 2154 1
1757 2157 1
1757 2155 1
1757 253 1
1758 3289 1
1758 1471 1
1758 3298 1
1760 3602 1
1763 3676 1
1763 659 1
1763 866 1
1763 2745 1
1763 863 1
1763 3217 1
1763 2589 1
1763 1190 1
1763 1762 1
1763 3635 1
1763 837 1
1763 4020 1
1770 2028 1
1770 2347 1
1770 4121 1
1770 4429 1
1770 2031 1
1770 3096 1
1771 1486 1
1771 634 1
1771 3345 1
1771 3364 1
1773 4189 1
1773 4557 1
1773 4307 1
1773 3915 1
1773 4701 1
1773 4145 1
1773 3922 1
1773 3399 1
1773 4235 1
1773 4225 1
1773 3793 1
1773 2733 1
1773 3354 1
1773 3824 1
1773 4195 1
1773 4306 1
1773 3978 1
1773 1344 1
1773 4308 1
1773 4218 1
1773 3130 1
1773 2551 1
1773 3769 1
1774 1158 1
1774 1171 1
1774 1293 1
1774 1196 1
1774 1295 1
1775 507 1
1776 348 1
1777 1067 1
1777 2051 1
1779 934 1
1779 817 1
1779 359 1
1781 896 1
1781 1887 1
1781 2497 1
1782 2646 1
1782 2997 1
1782 1368 1
1782 1582 1
1785 891 1
1785 2059 1
1785 2918 1
1785 784 1
1785 3052 1
1785 237 1
1785 767 1
1785 2335 1
1785 647 1
1785 646 1
1787 1229 1
1787 4231 1
1793 2113 1
1793 2105 1
1795 3322 1
1796 1767 1
1796 2784 1
1796 2337 1
1796 953 1
1798 2591 1
1798 2969 1
1798 2034 1
1800 1074 1
1801 1089 1
1801 4688 1
1804 3458 1
1804 2411 1
1804 3427 1
1804 2230 1
1804 742 1
1804 1552 1
1804 4614 1
1804 2149 1
1804 827 1
1804 3622 1
1805 4499 1
1805 1425 1
1806 1314 1
1807 194 1
1807 2433 1
1810 2232 1
1811 1533 1
1814 3179 1
1816 3575 1
1816 3416 1
1817 1043 1
1817 2960 1
1817 624 1
1817 4240 1
1817 3396 1
1817 3359 1
1817 1551 1
1817 4100 1
1817 1339 1
1817 4210 1
1817 1179 1
1818 4244 1
1818 2237 1
1818 4259 1
1819 512 1
1820 1249 1
1821 833 1
1821 1695 1
1821 3416 1
1821 2942 1
1821 1765 1
1826 4204 1
1826 4006 1
1826 3867 1
1826 2308 1
1826 1867 1
1826 4297 1
1827 4211 1
1827 2245 1
1827 4219 1
1827 2253 1
1827 1650 1
1827 2252 1
1827 1386 1
1827 2241 1
1827 2246 1
1827 1110 1
1828 1524 1
1829 2130 1
1829 1444 1
1829 2129 1
1829 1297 1
1831 2297 1
1831 882 1
1831 571 1
1832 2876 1
1833 3787 1
1833 3465 1
1833 3889 1
1833 3145 1
1833 3516 1
1833 4005 1
1833 4148 1
1833 3287 1
1833 4382 1
1833 453 1
1833 4042 1
1833 4606 1
1836 4339 1
1836 4386 1
1836 2748 1
1836 2346 1
1836 1270 1
1836 4340 1
1836 3462 1
1836 32 1
1837 287 1
1837 3818 1
1837 1387 1
1837 1393 1
1837 3434 1
1837 996 1
1837 4346 1
1837 967 1
1837 2423 1
1837 3715 1
1837 3056 1
1837 2566 1
1837 2593 1
1837 3797 1
1837 4175 1
1837 966 1
1837 3355 1
1839 1834 1
1839 2185 1
1840 2153 1
1841 1408 1
1842 2026 1
1842 54 1
1842 448 1
1843 263 1
1843 1038 1
1843 3708 1
1843 2128 1
1843 2226 1
1843 502 1
1843 2140 1
1846 156 1
1846 3598 1
1846 4317 1
1846 4472 1
1846 4360 1
1846 275 1
1846 665 1
1846 2938 1
1846 2830 1
1846 2725 1
1847 1475 1
1847 270 1
1847 2779 1
1847 128 1
1847 215 1
1847 3670 1
1847 1211 1
1850 3010 1
1850 541 1
1850 3368 1
1850 914 1
1850 4531 1
1850 402 1
1851 3794 1
1851 3250 1
1851 4275 1
1851 4274 1
1851 3460 1
1851 3100 1
1853 2098 1
1853 3935 1
1853 2091 1
1853 3700 1
1853 3882 1
1853 2571 1
1853 2080 1
1854 4604 1
1854 3057 1
1854 2993 1
1854 3796 1
1854 4401 1
1854 3086 1
1854 4389 1
1854 4022 1
1854 3711 1
1854 4422 1
1854 2852 1
1854 2580 1
1854 2950 1
1854 4413 1
1854 2868 1
1854 3487 1
1854 4613 1
1854 2811 1
1854 3382 1
1854 3185 1
1854 708 1
1855 1098 1
1856 234 1
1856 1869 1
1856 3362 1
1856 1574 1
1856 235 1
1856 2907 1
1857 2116 1
1857 3257 1
1857 2114 1
1857 2123 1
1857 4277 1
1857 3722 1
1857 2119 1
1859 2873 1
1859 1467 1
1859 2325 1
1859 456 1
1859 3244 1
1859 3459 1
1859 1140 1
1859 773 1
1859 4013 1
1859 2374 1
1859 3196 1
1859 4689 1
1859 4661 1
1859 2221 1
1859 1359 1
1859 1164 1
1861 3127 1
1861 3370 1
1861 2732 1
1861 4650 1
1861 712 1
1861 4241 1
1861 3157 1
1861 4570 1
1861 3994 1
1861 4654 1
1861 2495 1
1861 4680 1
1861 2689 1
1862 4660 1
1862 4300 1
1862 2974 1
1862 2734 1
1862 2407 1
1862 2373 1
1862 2506 1
1862 3080 1
1862 4280 1
1862 3789 1
1863 618 1
1863 3267 1
1863 2294 1
1863 671 1
1863 2299 1
1863 1686 1
1863 3215 1
1863 3835 1
1863 121 1
1863 3820 1
1863 314 1
1863 2391 1
1863 3740 1
1863 2287 1
1863 3937 1
1863 3521 1
1864 2799 1
1865 99 1
1865 2173 1
1865 2057 1
1865 4623 1
1865 4592 1
1865 2056 1
1865 2850 1
1865 2177 1
1865 4525 1
1865 2168 1
1865 2182 1
1865 3955 1
1865 2825 1
1865 2171 1
1865 2865 1
1865 2992 1
1865 3201 1
1865 2172 1
1865 3376 1
1865 2184 1
1865 3162 1
1865 2170 1
1865 4232 1
1866 3457 1
1866 3189 1
1866 4104 1
1868 3766 1
1868 694 1
1868 4450 1
1868 2474 1
1868 3979 1
1868 25 1
1868 3310 1
1868 3143 1
1868 3436 1
1868 2885 1
1868 930 1
1868 931 1
1868 2509 1
1868 4633 1
1868 4110 1
1868 4674 1
1868 917 1
1868 1630 1
1868 3095 1
1870 1351 1
1870 3968 1
1870 182 1
1870 4541 1
1870 4619 1
1870 2383 1
1870 2471 1
1870 2371 1
1870 3498 1
1871 3852 1
1871 2922 1
1871 2797 1
1871 3453 1
1871 135 1
1872 3893 1
1872 3025 1
1872 218 1
1872 2251 1
1873 2982 1
1873 1651 1
1874 2192 1
1874 2135 1
1874 4199 1
1874 4118 1
1874 2209 1
1874 3070 1
1874 2217 1
1874 4116 1
1874 3504 1
1875 4719 1
1876 1321 1
1876 2085 1
1876 1899 1
1876 3400 1
1876 4212 1
1876 3420 1
1877 41 1
1877 2590 1
1877 1619 1
1878 1315 1
1878 4626 1
1878 3357 1
1878 3764 1
1878 2782 1
1879 3540 1
1879 2273 1
1879 3418 1
1879 2201 1
1879 2272 1
1880 2137 1
1880 2207 1
1880 2206 1
1880 2111 1
1880 2124 1
1880 2219 1
1880 2106 1
1881 2792 1
1881 3293 1
1881 3810 1
1881 4666 1
1881 4445 1
1881 3292 1
1881 2463 1
1881 13 1
1881 4534 1
1881 4179 1
1881 4233 1
1881 4683 1
1882 2262 1
1882 4727 1
1882 3041 1
1882 252 1
1882 3235 1
1882 2977 1
1883 2532 1
1883 3966 1
1883 2084 1
1884 3075 1
1885 1932 1
1885 4032 1
1885 4107 1
1886 400 1
1886 4500 1
1886 3237 1
1886 2160 1
1886 3692 1
1886 2410 1
1888 4286 1
1888 3417 1
1888 1520 1
1889 2218 1
1889 2122 1
1889 2202 1
1889 2211 1
1889 2117 1
1889 2214 1
1889 2208 1
1889 4197 1
1889 3425 1
1889 4226 1
1889 2209 1
1889 2204 1
1889 4116 1
1889 2197 1
1890 452 1
1890 2087 1
1890 4581 1
1890 3249 1
1890 2086 1
1890 2926 1
1890 4560 1
1890 2090 1
1891 4201 1
1891 1000 1
1891 2947 1
1891 3731 1
1891 4187 1
1891 3424 1
1891 2492 1
1891 3985 1
1891 3719 1
1891 3061 1
1891 1020 1
1891 2598 1
1891 4723 1
1891 2802 1
1891 4183 1
1891 3001 1
1891 3254 1
1891 4237 1
1891 879 1
1891 2603 1
1891 2958 1
1891 2512 1
1891 4239 1
1891 2161 1
1892 3533 1
1892 1414 1
1892 161 1
1892 49 1
1892 3021 1
1892 4156 1
1892 2600 1
1892 2399 1
1892 2617 1
1892 3546 1
1892 3790 1
1892 3986 1
1892 1415 1
1892 2626 1
1892 3316 1
1892 769 1
1892 3169 1
1893 3970 1
1893 2735 1
1893 3803 1
1893 4553 1
1893 4053 1
1893 1556 1
1893 4405 1
1893 3207 1
1893 3907 1
1893 2681 1
1893 1562 1
1893 3637 1
1893 3140 1
1893 4632 1
1893 3013 1
1893 3311 1
1893 3174 1
1893 2523 1
1893 3816 1
1893 2436 1
1893 4342 1
1893 2404 1
1893 4333 1
1893 3641 1
1893 3242 1
1893 2634 1
1893 3003 1
1893 3691 1
1893 2564 1
1893 4724 1
1893 3911 1
1893 3278 1
1893 3004 1
1893 3039 1
1893 2438 1
1893 2678 1
1893 2828 1
1894 3939 1
1894 3661 1
1894 1766 1
1894 3461 1
1894 757 1
1894 4305 1
1894 3917 1
1894 566 1
1894 681 1
1894 944 1
1894 2691 1
1895 3214 1
1895 3778 1
1895 1718 1
1895 2913 1
1895 1413 1
1895 3261 1
1895 4511 1
1895 672 1
1895 2602 1
1897 663 1
1897 3065 1
1897 2736 1
1897 609 1
1897 4097 1
1897 229 1
1897 3108 1
1897 2035 1
1897 948 1
1898 4094 1
1898 50 1
1898 2094 1
1898 3022 1
1900 1108 1
1900 217 1
1900 1199 1
1900 4710 1
1900 4711 1
1900 1455 1
1901 4686 1
1901 1454 1
1901 197 1
1903 2258 1
1903 529 1
1903 1218 1
1904 536 1
1905 714 1
1906 2861 1
1906 2980 1
1907 66 1
1908 3577 1
1908 228 1
1908 2468 1
1908 1690 1
1909 3233 1
1909 1006 1
1910 1148 1
1910 1748 1
1911 524 1
1911 3541 1
1911 525 1
1911 1569 1
1911 1570 1
1911 1571 1
1912 3847 1
1912 3463 1
1912 2058 1
1912 4304 1
1912 2138 1
1913 1194 1
1913 923 1
1913 210 1
1913 1598 1
1914 4569 1
1914 4172 1
1915 280 1
1915 349 1
1916 3146 1
1916 3101 1
1916 4527 1
1916 2666 1
1916 1063 1
1916 939 1
1917 2023 1
1917 416 1
1917 318 1
1917 1150 1
1918 3049 1
1918 2054 1
1918 1048 1
1918 3812 1
1918 2871 1
1918 3995 1
1918 3610 1
1918 3528 1
1919 874 1
1919 140 1
1919 1447 1
1920 1326 1
1920 2652 1
1920 4043 1
1920 4023 1
1920 4003 1
1920 1390 1
1921 1845 1
1921 1646 1
1922 1034 1
1922 2953 1
1922 900 1
1922 2696 1
1923 4011 1
1923 3832 1
1923 1107 1
1923 3838 1
1927 4163 1
1927 2625 1
1927 3283 1
1927 2248 1
1928 1058 1
1928 1732 1
1928 3565 1
1928 1729 1
1928 1371 1
1928 3809 1
1929 2549 1
1929 2740 1
1929 4291 1
1929 2684 1
1929 3027 1
1929 3652 1
1929 3629 1
1929 1201 1
1929 3973 1
1929 2619 1
1929 3055 1
1929 4521 1
1929 2621 1
1929 3628 1
1929 2787 1
1929 3988 1
1929 3380 1
1929 3365 1
1929 3069 1
1929 2627 1
1929 2694 1
1929 2738 1
1929 3107 1
1929 4355 1
1929 4410 1
1930 333 1
1930 1468 1
1931 2821 1
1931 4041 1
1934 4707 1
1934 1483 1
1934 1407 1
1934 1934 1
1935 3030 1
1935 3482 1
1935 3686 1
1935 3687 1
1935 3636 1
1935 2491 1
1935 2475 1
1935 2462 1
1935 2501 1
1935 3349 1
1935 3948 1
1935 3751 1
1935 4263 1
1935 2662 1
1935 3823 1
1935 3347 1
1935 4253 1
1935 3423 1
1935 3091 1
1936 3828 1
1936 4169 1
1936 4021 1
1936 3177 1
1936 2503 1
1936 2435 1
1936 3976 1
1936 4419 1
1936 2929 1
1936 3184 1
1936 3608 1
1936 3338 1
1936 2898 1
1936 3695 1
1936 3149 1
1936 3111 1
1936 2607 1
1936 3723 1
1936 4388 1
1936 3353 1
1936 3193 1
1936 2483 1
1936 3168 1
1936 4390 1
1936 2459 1
1936 4363 1
1936 3411 1
1936 1607 1
1936 2749 1
1936 3770 1
1936 4331 1
1936 4315 1
1936 4423 1
1936 3472 1
1936 1611 1
1936 3777 1
1936 2577 1
1936 2461 1
1936 2747 1
1936 1474 1
1936 3272 1
1936 4131 1
1936 1614 1
1936 160 1
1936 4420 1
1937 3606 1
1937 2479 1
1937 4464 1
1938 4309 1
1938 528 1
1938 2864 1
1938 75 1
1938 4132 1
1938 2053 1
1938 2693 1
1938 2045 1
1938 179 1
1938 392 1
1938 3276 1
1938 227 1
1938 1469 1
1938 4171 1
1938 1464 1
1938 693 1
1938 2395 1
1938 73 1
1938 569 1
1938 3350 1
1938 4122 1
1938 2330 1
1938 2535 1
1938 3148 1
1938 740 1
1939 4493 1
1939 4459 1
1939 4451 1
1939 4147 1
1939 2062 1
1939 2649 1
1939 4598 1
1939 3409 1
1939 4603 1
1939 2063 1
1939 3857 1
1939 3538 1
1939 3246 1
1939 4453 1
1939 4454 1
1939 4690 1
1939 3131 1
1939 3992 1
1939 4715 1
1939 4664 1
1939 4620 1
1939 4455 1
1940 4227 1
1940 2972 1
1940 1109 1
1940 2244 1
1941 4247 1
1941 2429 1
1941 2242 1
1941 959 1
1941 2243 1
1941 4221 1
1942 2240 1
1942 752 1
1942 2247 1
1942 780 1
1942 2643 1
1943 2254 1
1944 1151 1
1944 2467 1
1944 86 1
1946 4524 1
1946 3273 1
1946 3083 1
1946 1554 1
1946 4109 1
1946 3402 1
1946 673 1
1947 2458 1
1947 1047 1
1947 2841 1
1947 3996 1
1947 3467 1
1949 3525 1
1949 3716 1
1949 1177 1
1949 2259 1
1949 1470 1
1949 3479 1
1949 2555 1
1949 947 1
1949 3007 1
1949 1700 1
1949 1575 1
1949 862 1
1949 3499 1
1949 1188 1
1949 4141 1
1949 2409 1
1949 1422 1
1949 3090 1
1950 3085 1
1950 327 1
1951 3204 1
1951 2213 1
1951 2205 1
1952 3383 1
1952 3746 1
1952 3665 1
1952 2043 1
1952 3076 1
1952 707 1
1952 3221 1
1952 1079 1
1952 203 1
1952 3738 1
1952 1675 1
1952 3634 1
1952 2641 1
1952 2715 1
1952 886 1
1952 1858 1
1952 2883 1
1952 1085 1
1952 2959 1
1952 2931 1
1952 118 1
1952 1427 1
1952 3454 1
1952 1480 1
1952 1267 1
1952 2761 1
1952 3594 1
1952 1268 1
1952 1671 1
1952 2915 1
1952 782 1
1952 2588 1
1953 1271 1
1953 2941 1
1953 563 1
1953 2983 1
1953 1260 1
1954 367 1
1954 2854 1
1954 1499 1
1954 2543 1
1954 369 1
1954 783 1
1954 44 1
1954 3020 1
1955 606 1
1955 1246 1
1957 1956 1
1957 261 1
1957 2884 1
1958 3841 1
1958 2624 1
1958 545 1
1958 3614 1
1958 4712 1
1958 3275 1
1958 4133 1
1958 3341 1
1959 2660 1
1959 4044 1
1959 3542 1
1960 1989 1
1960 1332 1
1960 1232 1
1960 999 1
1960 1990 1
1961 625 1
1962 3151 1
1962 4611 1
1962 3284 1
1962 1615 1
1962 4322 1
1962 1616 1
1962 3846 1
1962 2460 1
1962 3926 1
1962 1306 1
1962 4082 1
1962 3194 1
1962 3953 1
1962 2807 1
1962 3319 1
1963 4597 1
1963 2193 1
1964 4555 1
1966 4706 1
1966 1657 1
1966 543 1
1966 4311 1
1968 2131 1
1968 2222 1
1970 1983 1
1971 355 1
1971 2175 1
1971 2174 1
1971 1259 1
1971 3352 1
1971 2126 1
1971 2169 1
1971 1691 1
1973 2073 1
1973 2075 1
1973 1860 1
1973 977 1
1973 906 1
1973 4728 1
1973 4446 1
1973 562 1
1973 4726 1
1973 649 1
1973 2033 1
1973 3754 1
1973 4137 1
1974 652 1
1974 2976 1
1974 176 1
1974 4657 1
1974 2074 1
1974 2948 1
1974 655 1
1974 3805 1
1974 3265 1
1974 138 1
1974 653 1
1974 1754 1
1974 2937 1
1974 1573 1
1974 3875 1
1974 3104 1
1974 654 1
1975 4051 1
1975 3291 1
1975 4477 1
1975 3510 1
1976 4039 1
1976 1251 1
1977 2307 1
1977 3346 1
1977 878 1
1977 2147 1
1977 2291 1
1977 2065 1
1977 4293 1
1977 1561 1
1977 1702 1
1977 2301 1
1978 4312 1
1978 3176 1
1978 3367 1
1979 955 1
1979 2148 1
1981 4112 1
1981 4432 1
1981 4585 1
1981 4580 1
1981 4575 1
1981 4252 1
1982 501 1
1982 2309 1
1982 2303 1
1982 2306 1
1984 1443 1
1984 2695 1
1984 1783 1
1985 1426 1
1988 1513 1
1988 1715 1
1992 1992 1
1993 4556 1
1994 4349 1
1994 4345 1
1994 3206 1
1994 4438 1
1994 2431 1
1994 3974 1
1994 3876 1
1994 2785 1
1994 3295 1
1994 4394 1
1994 3198 1
1994 3956 1
1994 4428 1
1994 3729 1
1994 3585 1
1994 3473 1
1994 2285 1
1995 3947 1
1995 3728 1
1995 957 1
1995 3698 1
1995 771 1
1995 3139 1
1995 2597 1
1996 4319 1
1996 3051 1
1996 3356 1
1996 766 1
1996 3690 1
1996 3576 1
1996 2880 1
1996 3072 1
1996 3337 1
1996 3951 1
1996 2464 1
1996 379 1
1996 3843 1
1996 1365 1
1996 1418 1
1997 3324 1
1997 4161 1
1997 313 1
1997 3088 1
1997 3401 1
1997 2901 1
1997 4504 1
1997 2340 1
1997 2317 1
1997 2316 1
1997 3932 1
1997 2319 1
1997 2162 1
1997 2064 1
1997 2314 1
1997 2522 1
1998 3238 1
1998 3892 1
1998 2739 1
1998 2384 1
1998 4520 1
1998 3507 1
1998 3296 1
1999 2000 1
1999 2002 1
1999 2003 1
1999 420 1
1999 2004 1
1999 2001 1
2005 2203 1
2005 3374 1
2006 3765 1
2006 3451 1
2007 4153 1
2007 4255 1
2007 799 1
2007 534 1
2007 753 1
2007 4194 1
2007 923 1
2007 2724 1
2007 2762 1
2007 2095 1
2007 826 1
2007 1152 1
2008 3977 1
2008 1419 1
2008 4055 1
2008 2338 1
2008 3901 1
2008 2339 1
2008 77 1
2008 660 1
2009 1645 1
2009 69 1
2009 1925 1
2009 1012 1
2009 2300 1
2009 509 1
2009 4242 1
2009 2446 1
2009 442 1
2009 1022 1
2009 2578 1
2009 1492 1
2009 2146 1
2009 1553 1
2009 168 1
2009 3247 1
2009 1849 1
2009 2302 1
2009 2144 1
2009 1350 1
2009 725 1
2010 289 1
2010 3807 1
2010 3936 1
2010 2568 1
2010 264 1
2010 2413 1
2010 4608 1
2010 2516 1
2010 2642 1
2010 2795 1
2010 2858 1
2010 3117 1
2010 4655 1
2010 3062 1
2010 4234 1
2010 2936 1
2010 4636 1
2010 4027 1
2010 2448 1
2010 3781 1
2010 2278 1
2010 3919 1
2010 2274 1
2010 2609 1
2010 4298 1
2010 3582 1
2010 2547 1
2011 4323 1
2011 3967 1
2011 3009 1
2011 2677 1
2011 3513 1
2011 2426 1
2011 4000 1
2011 2656 1
2011 4377 1
2011 4424 1
2011 4436 1
2011 4038 1
2011 4077 1
2011 2708 1
2011 3372 1
2011 4316 1
2011 4376 1
2011 2420 1
2011 3484 1
2011 3397 1
2011 4435 1
2011 2079 1
2011 2494 1
2011 3957 1
2011 4321 1
2011 2620 1
2011 3534 1
2011 4433 1
2011 3784 1
2011 2581 1
2011 3266 1
2011 3132 1
2011 3301 1
2012 2665 1
2012 2707 1
2012 3226 1
2012 11 1
2012 4390 1
2012 3333 1
2012 3128 1
2012 2587 1
2012 4318 1
2012 3060 1
2012 2545 1
2012 2951 1
2012 3147 1
2012 4421 1
2012 2863 1
2012 4378 1
2012 3034 1
2012 3488 1
2013 3105 1
2013 4495 1
2013 4166 1
2013 3491 1
2013 4207 1
2013 4625 1
2013 4440 1
2013 4276 1
2013 2183 1
2013 4551 1
2015 1347 1
2015 2711 1
2015 4649 1
2015 3304 1
2015 3902 1
2015 3012 1
2015 2789 1
2015 755 1
2015 1848 1
2015 2537 1
2015 3035 1
2015 3336 1
2016 2032 1
2016 3600 1
2016 2791 1
2016 2653 1
2016 3860 1
2017 1136 1
2017 1734 1
2017 3306 1
2017 3523 1
2017 1445 1
2017 226 1
2017 4269 1
