1822 -0.25230584 0.18131463 0.017993616 0.14917044 0.66845363 -0.21216525 -0.054360785 0.48035657 0.5742684 0.27157375
1844 -0.46755937 0.4656859 0.71251255 0.46897316 0.6215379 -0.2513816 -0.12123869 0.42967778 0.33034328 0.11908484
961 -0.1379097 0.41766667 0.11988362 0.74066 0.4629401 -0.33996397 0.18487798 0.599502 0.68941855 0.19416082
1817 -0.04010774 -0.0047001992 -0.20887564 -0.46313643 0.6696865 -0.62766117 -0.32239237 0.531485 0.062092226 0.29663858
1285 -0.08911083 -0.1043964 -0.007970564 0.21981224 0.76295197 -0.104892164 -0.043087903 0.24826467 1.0659428 -0.08230951
1841 -0.082908355 0.1752604 -0.35197842 -0.4308894 0.7504202 -0.08334606 -0.19388148 0.107872374 0.72407365 0.2528035
1523 -0.24139978 0.27262875 0.28306907 0.5383184 0.3486978 -0.79637444 0.025704667 0.2766165 0.24874562 0.0088733
1077 -0.31230286 0.24500604 0.4109969 0.522628 0.5652818 -0.43975273 0.007841067 0.8087946 0.4443039 0.20485574
1292 -0.40084273 0.18914446 0.45189318 0.38492873 0.5694842 -0.34246042 -0.14275782 0.6879419 0.65970415 0.2304769
1441 -0.075105965 0.009875022 0.07393174 -0.2632071 0.86572856 -0.2426728 -0.4442612 0.23996983 0.70394117 0.650467
1973 -0.37877953 0.19207102 0.14561428 0.011617142 0.9798333 0.045237496 -0.10218533 0.76948446 0.34971368 0.3403597
1222 -0.054522347 0.09213689 0.49923912 0.98482144 0.82655376 -0.45281553 0.10607039 0.3311271 0.17772439 0.0003589779
1924 0.056197003 0.33890602 -0.25269872 0.013769983 0.8268409 0.030481443 0.064974144 0.5666677 0.72938716 0.6017732
1283 -0.23734823 0.32236192 1.1250997 0.031800043 0.33676162 -0.67728496 -0.064735904 0.36138868 0.52964574 0.2643158
1818 -0.35395107 0.016257033 0.5075174 0.20317338 0.64725673 -0.3785982 -0.15409508 0.59510475 0.36307368 0.012943206
861 -0.51864105 0.17027439 0.3558668 0.38235027 0.83115447 -0.09866374 -0.3181155 0.64931405 0.15652943 -0.049222782
1044 -0.050657094 0.3128836 0.11179259 -0.008827549 0.91451365 0.21615335 -0.3700716 0.43392396 0.6488783 0.5119527
1819 -0.27940512 0.480516 0.6775705 0.13935396 0.54616505 -0.5663468 -0.29020235 -0.2755823 0.2685592 0.5031628
1786 0.32302973 0.023644768 0.07206654 -0.2613682 0.91800743 -0.31041726 -0.5005546 0.21920873 0.3647675 0.7908243
1105 0.06488658 -0.00028550692 0.04709534 -0.46995685 0.80033135 0.056224037 -0.48433074 0.6163105 0.6066246 0.15876465
1377 -0.37513837 -0.01233335 0.5753282 0.22599204 0.7791227 -0.28594467 -0.2564551 0.6954617 0.52652675 0.19836172
1933 -1.0052636 0.19668546 -0.14946547 0.3408905 0.64445645 -0.702073 0.15215842 0.3004731 0.35512084 -0.16899116
1076 -0.41619816 0.23510942 0.13345256 0.37738398 0.7681933 -0.44894657 0.5347014 0.7678939 0.66113937 0.4841797
877 -0.4156065 -0.00075616234 0.2625372 -0.25190577 0.7827318 -0.8649054 -0.07407587 0.29083362 -0.2587034 0.3381546
1782 -0.7768547 0.3815311 0.5173878 0.50160396 0.57401025 -0.65302473 0.060068015 0.64718896 0.22169061 0.17886923
1220 0.042432245 0.23477532 -0.11911253 -0.033881526 0.9974233 0.111279614 -0.4903276 0.101830535 0.3725871 0.49717966
711 0.09589186 -0.01980049 -0.2497125 -0.33119375 0.917295 -0.17542303 -0.3641706 0.16688801 0.35665447 0.35685888
1809 -0.24788913 -0.19159822 -0.09561747 -0.32129967 0.47841945 -0.88827896 -0.48775926 0.14124621 0.3560521 -0.025610792
1814 -0.15665995 0.072123654 0.5913627 0.5353816 1.1864811 -0.48444715 -0.48704997 -0.07767496 -0.49683967 0.19456793
1842 -0.16503118 0.26321024 0.5240849 0.62670004 1.0050942 0.17929903 0.39455348 0.5409594 0.6729566 -0.06316254
1127 -0.0029703903 0.18969911 0.3028267 0.4259432 0.46266434 -0.35957006 -0.43688545 0.40501285 0.426411 0.0801757
1092 0.33447465 0.10555037 -0.21519734 -0.26647612 1.0540655 0.2356042 0.32877636 0.49684748 0.82337534 0.28961274
316 -0.76531005 0.14035714 0.29409063 0.63613176 0.6195532 -0.5594737 -0.3207579 0.6870966 0.16019025 -0.30552346
1007 -0.42058262 0.33426377 0.40575728 0.9679206 0.7512038 -0.3379062 -0.07059937 0.85021806 0.49841747 0.30670008
1457 -0.007539047 -0.0026492183 0.25747725 0.33600438 0.9671288 -0.30919865 -0.63948804 -0.02278972 -0.07067822 0.19570959
1840 -0.08743495 0.1203397 0.4720131 0.041646775 0.34900436 -0.5064808 -0.38102052 0.3632097 0.59260625 0.1319942
1660 0.5713404 -0.01154256 0.45958456 0.28194037 0.8927471 -0.52195084 -0.33588478 -0.6718598 -0.08253191 -0.13928284
1642 0.1419882 0.07183844 0.54462785 0.12590334 0.3702206 -0.4205111 -0.33610082 0.26311952 1.0992912 0.25721174
1775 -0.25381568 0.4665878 0.74716145 0.42308715 0.3794672 -0.6834346 0.19273482 -0.26462647 0.52137035 0.12126521
1045 -0.14378747 0.21120721 0.35584658 0.28491074 0.6001732 -0.1957962 -0.51657844 0.45369172 0.48592994 0.27306598
1228 -0.4156717 0.18884842 0.3591885 0.7131293 0.7660231 -0.5452765 0.14737786 0.5278076 0.16127889 0.16401194
1104 -0.652764 0.22808428 0.4077369 0.5925882 1.0238522 -0.12439194 0.23753117 0.8599854 0.30666548 -0.011060713
1025 0.14395498 0.04451971 -0.08548969 0.5699952 0.39219004 -0.77945167 0.19061887 -0.09155724 1.1071651 0.24713823
1102 -1.0786065 0.29055306 0.41112474 0.3557352 0.8383456 -0.47717795 -0.03287956 0.66162735 0.2708643 0.1981287
196 0.62069166 -0.1483578 0.21235742 0.2235832 0.5750514 -1.3791025 -0.22543976 -0.4586624 -0.12141858 0.0443313
956 -0.09792773 -0.25434923 -0.625942 0.1385752 0.6361482 -0.66822094 -0.07893297 -0.21039668 1.1233346 -0.3338985
1383 0.5574228 0.08266789 -0.034233946 0.3648973 1.0428265 -0.35447982 0.84693897 -0.37943467 0.56626475 0.16138153
1253 0.029284405 0.21095578 0.0145416595 0.064796105 0.50634706 -0.57016957 -0.29863858 -0.5785668 0.6489784 0.25174287
1644 0.11804146 0.30432203 -0.3255077 -0.31431705 0.9949536 0.092780516 -0.20155515 0.3848917 0.6559749 0.6946497
1440 -0.74562466 0.0447186 0.10276929 0.4939779 0.9330767 -0.06749626 -0.08986436 0.44205928 0.8274691 -0.11421822
1534 -0.112781726 -0.14192156 0.42137012 -0.048371535 0.77954745 -0.74450785 -0.87324905 -0.110286325 0.5931316 0.70351624
1823 -0.39375374 0.028805953 0.53560144 0.67044306 1.1199878 -0.044340193 -0.17238936 0.81057304 0.16327076 -0.08422888
1296 -0.49776742 0.4045174 0.610776 0.6325961 0.68033695 -0.2513706 0.08508186 0.9148625 0.43080693 0.08136647
1816 -0.11009894 0.7691436 0.5947819 0.9453948 0.4413731 -0.40789023 -0.10090818 0.19347428 0.55476034 0.45777255
1069 -0.49708655 0.11184537 0.08209002 0.53965706 0.7600634 -0.3083557 0.20957476 0.7547395 0.6930653 0.10601415
1806 -0.05625436 -0.23070021 0.023477176 0.0514767 0.5936863 -0.6570695 -0.7277322 0.34264705 0.4002067 0.122447476
1370 -0.46238035 0.14282808 0.50880253 0.56394905 0.95854956 -0.15078706 0.45525646 0.7064334 0.5145668 -0.10396497
1811 -0.6024868 0.17657211 0.42643026 0.30576232 0.7231816 -0.39867204 0.29510173 0.6119452 0.43891388 0.07684953
1252 0.21405374 -0.0789011 -0.104648694 -0.4226969 1.1865505 -0.0818494 -0.13590415 0.3338544 0.3041675 0.5611616
1919 -0.20510478 -0.11981153 -0.21240033 0.51163614 1.3758987 0.02237372 -0.68318313 -0.6161742 0.4512912 -0.05980441
1777 0.010598121 0.05694371 0.6742092 0.27387837 1.0908446 -0.72650635 -0.7979688 -0.7235473 -0.001000822 0.63964224
1436 -0.17735972 0.3808929 -0.04783755 0.3592151 0.41946405 -0.4144022 -0.09789474 -0.521373 0.9176215 0.10011167
150 0.021087876 -0.34312347 0.30202603 0.08420032 1.000616 -1.1061232 -0.70673865 -0.3144121 -0.12602788 0.38055858
1195 -0.22430731 0.4899849 -0.59204584 -0.51774526 0.75695294 -0.46419373 -0.021510169 -1.0440884 1.0195702 0.011163643
1281 -0.627151 0.11753868 0.60744125 0.52889526 0.82212514 -0.37492234 0.08274678 0.74844253 0.526372 0.07206338
1225 0.31582946 -0.2143206 0.44857016 -0.017391976 0.7396036 -0.21329644 -0.75291216 0.7004125 0.6876383 0.33941656
1360 0.3463895 0.16222657 -0.18871 -0.7259265 0.80607027 -0.036700923 -0.27510688 0.37344262 0.7176436 0.39703247
1643 0.36858884 -0.15885617 0.08824824 -0.17406392 0.4076331 -0.38630635 -0.5723531 0.5129044 0.56100804 -0.23775223
1797 0.10415137 -0.093839236 -0.24196205 -0.7768855 1.079789 -0.26711586 -0.3220474 0.7401836 0.23995611 0.43299937
1532 0.12463347 0.055129554 -0.2884158 -0.25717843 0.9860046 0.02745102 -0.032244023 0.5738899 0.7411964 0.44401658
751 -0.68434864 0.25792262 0.29543546 0.7093476 0.8462954 -0.3787297 0.15207113 0.7308363 0.23025493 0.07376071
1938 -0.08457679 0.35115215 0.3725982 0.2177132 0.17337406 -0.1253546 -0.5700644 -0.026499188 1.5153295 -0.47783014
1753 -0.6977949 -0.041457266 0.11916025 0.6185847 1.1084436 -0.2169765 -0.07331245 0.57923573 0.44900936 0.062064826
1526 0.034022022 0.1941805 -0.26739258 -0.780329 0.93204993 -0.11676493 0.061075 0.45157483 0.5729419 0.5147747
1774 -0.74539304 0.25157344 0.31506938 0.2660883 0.6161704 -0.25015172 0.083398625 0.6796593 0.6848273 -0.07019194
578 -0.14686064 0.27932823 -0.63452536 -0.6745833 1.0041629 0.111409575 -0.04637236 0.7633002 0.8754445 0.3938792
1549 0.05451168 0.6981261 -0.4551748 1.6475831 0.83569455 -0.397639 -0.0588792 0.31011805 0.0676376 0.032400116
260 0.0788093 0.0056007546 -0.05655455 0.12063242 0.8953171 -1.0021685 -0.08115755 0.051968727 -0.4120714 0.5203689
1799 0.29437932 0.015801601 -0.254881 -0.7885963 0.98744595 -0.07289277 0.09884488 0.47722843 0.84086704 0.5047476
1146 0.097526714 0.40034884 0.61684066 0.5350599 -0.17088518 -0.9763893 -0.27641857 0.3011127 0.8241499 -0.3172741
1542 -0.96776646 0.7080475 0.80864143 0.09308338 0.67981666 -0.5227234 -0.34290233 -0.4046402 0.26462144 0.33185324
1255 -0.35984135 0.65902704 0.6466816 0.090561606 0.8883115 -0.31359273 -0.46771497 -0.56321025 0.39456132 0.84087557
1531 0.040761903 -0.06337101 -0.06184859 -0.18114063 0.47334644 -0.6335211 0.47443503 0.40397942 1.058283 0.17400068
1963 -0.7467359 0.3921946 -0.0012435855 0.3379707 0.6289572 -0.67554414 -0.72115576 0.0776601 -0.08474375 0.24227792
1581 0.02901658 0.781232 0.32817546 0.90052134 0.6865984 0.06763855 -0.33153102 0.64908034 0.35769826 0.3682109
1193 -0.2999034 0.31727216 -0.24192818 -0.1673166 0.5760847 -0.7977257 -0.3697062 -0.7688818 0.8934667 0.61005443
1831 -0.35704195 0.13605113 -0.63131785 0.48094025 0.54611254 -1.1447951 0.42949986 -0.29268306 0.25472236 -0.2539348
1977 -1.0702996 0.3486939 -0.8573003 -0.5176677 0.38314807 -0.86457545 -0.23586696 0.025173865 0.76795185 -0.39856234
1458 -0.067462415 0.29967558 -0.19806579 0.30487275 0.25048363 -0.73671526 0.045730066 -0.21252234 0.725148 -0.03661388
1093 0.70461315 0.43382573 0.5532389 0.6915222 0.17722242 -0.8925128 -0.38585806 -0.49313074 0.2335938 -0.64268464
622 0.24700713 -0.059918374 -0.49232054 0.5495691 0.6454581 -0.6195451 0.15786481 -0.2173291 1.0393707 0.14863014
1323 -0.15707542 0.57338595 0.041912522 0.71440357 0.8004766 -0.14472778 -0.3864276 0.55844563 -0.36010134 -0.09893552
561 -0.15215367 0.19867325 -0.19260062 -0.45380837 1.1921257 0.10121039 -0.20715503 0.46166378 0.46687582 0.6394265
1367 0.2483919 0.50595623 0.17759268 1.1909833 0.025392666 -1.0157423 -0.5328693 0.07140301 0.45332113 -0.30313358
1789 -0.046352196 0.61081976 0.13029137 1.043528 0.5314212 -0.28629553 -0.21579239 0.9349922 0.53918076 0.36820257
1358 -0.89614594 0.28471467 0.32604703 0.68404156 0.712663 -0.3979657 0.10688412 0.81002456 0.48470297 -0.16809551
1294 -0.07227693 -0.030591028 0.2687856 -0.09109534 0.707853 -0.17407452 -0.25789163 0.5804478 0.70845604 0.2770487
608 0.20744549 0.07005255 -0.22452845 -0.60069966 1.253602 0.20376031 -0.38142845 0.42896807 0.44799474 0.52082056
1123 0.072617255 0.37075073 -0.32594293 -0.59274495 0.9306618 0.09548516 -0.21078302 0.53120834 0.68482786 0.5945159
1586 0.225685 0.6169162 0.10522147 0.86378103 0.77333134 -0.42350167 0.3403092 0.8395006 0.29813403 0.8253143
1824 0.33295414 0.2884522 0.20439574 0.77103746 0.76646644 -0.64995533 0.09836282 0.55382544 -0.13085751 0.5853912
1815 0.36610475 0.1068981 0.5429564 0.027155707 0.36351907 -0.7932059 -0.12777737 -0.45436585 0.20222992 -0.3929931
1191 0.042252872 -0.28521395 0.2241392 0.21241558 0.48093444 -0.70084935 -0.77219266 0.711935 0.51540446 0.020099388
1839 0.07049827 0.2540042 0.29892 0.64579123 0.18685712 -1.2515926 0.16255173 -0.047024544 0.18494262 -0.19742948
1792 0.14773956 0.384071 0.13272038 -0.6224971 0.39803064 -0.7920306 -0.75182337 -0.4647152 0.7464483 0.6733835
1046 -0.6652112 0.1694289 0.3828177 0.5443373 0.950983 -0.18959191 0.11870512 0.8999385 0.5312055 0.13366131
1923 -0.019649463 0.01069351 0.38318923 -0.32175305 0.9069956 -0.86209095 -0.352192 -0.3671132 0.20203906 0.87463737
259 0.117155045 -0.25276363 -0.5056013 -0.34512782 0.9067387 -1.4106677 -0.08648795 0.32339963 -0.47467914 0.19167313
1005 0.16850117 0.17142306 -0.31695676 -0.5174439 1.2264115 0.17889352 -0.3315795 0.49538028 0.45382896 0.5853601
1429 -0.4515539 -0.28957912 0.18238546 -0.18803391 0.52705586 -1.4684185 -0.9978748 0.20260507 -0.09799119 -0.05721993
1801 -0.8454021 0.4632731 0.40122595 -0.28961402 0.616286 -0.9642057 -0.68246126 -0.087869234 0.30650824 0.9167283
876 -0.35055017 0.24954103 0.36120954 0.50593406 0.22731146 -0.71132433 -0.7265166 0.54354477 0.1197891 -0.7601627
1907 -0.038254865 0.047938626 -0.36829358 -0.52131516 0.9963658 0.003287951 -0.38155523 0.5334589 0.6766842 0.4203699
1802 -0.90365976 0.43670142 0.4954305 0.13609077 0.7514452 -1.0465633 -0.42963007 -0.25319016 -0.24107814 0.42981094
1282 0.2516013 0.3053691 0.33856693 0.14954412 0.71105087 -0.8300276 -0.06650238 0.13228732 0.46901068 1.2868305
1647 0.026357837 0.46561092 0.037743982 1.0277444 0.057202075 -0.67967373 -0.49142778 0.959415 0.63231605 -0.2963437
1015 -0.36984497 0.4068022 -0.359194 -0.4376802 0.47810674 0.015274595 -0.6528356 -0.21656743 1.8926241 -0.75046575
1128 0.14490654 -0.13257849 -0.65993845 0.573906 0.5772975 -0.7145143 0.29535687 0.27137834 0.9376215 -0.07507723
1456 -0.040800128 0.2554748 0.6163463 0.51295274 0.03169774 -0.8963355 -0.010484662 0.50323194 0.85059506 -0.09564151
1591 -0.08826995 0.1542702 -0.26118857 -0.4498834 1.0281577 0.1277174 -0.26915812 0.65802014 0.6908551 0.53803086
1442 -0.19533901 0.35546303 0.24008858 -0.02355178 0.11334326 -0.6234373 0.015413269 0.6959272 0.9184423 0.20812806
1410 0.016084878 0.09717649 -0.19135405 -0.42304653 1.1019483 0.23285729 -0.20433134 0.8204738 0.5118656 0.3403937
1545 0.30621487 0.16820851 0.32344946 1.2637573 0.40562424 -0.89500314 -0.32231048 0.5384429 0.5030749 0.13788965
1918 0.21583128 0.19054888 -0.21267758 -0.6014451 0.7155769 -0.024816489 -1.3163081 -0.6857714 1.4021202 -0.6682445
1805 1.1114786 -0.08826522 0.37681958 -0.3792222 0.57162267 -0.87012357 -0.5225972 -0.7300822 0.3450001 -0.19918697
2015 -0.17791581 0.00032895547 -0.25838628 0.14758621 0.9669629 0.29311192 -1.1503419 -0.35006288 1.8256254 -0.98262537
255 -0.08514811 -0.2417862 0.11626531 -0.46243167 0.17897066 -1.3451834 -0.23661722 0.3843543 0.38891628 -0.46953198
1544 -0.20279454 -0.48366663 0.14365411 0.66786647 1.277668 -0.8661095 -1.1012838 -0.16915539 0.019358633 0.20479636
1579 0.38489383 0.57745665 -0.7621878 0.9831394 1.0226855 -0.99302787 1.2355034 0.43758097 0.0063572037 0.42844692
1909 0.91633236 0.024421753 0.71339625 0.4386791 0.6222121 -0.6335314 0.13420534 -0.26465932 0.16928652 -0.20747864
1654 -0.5283867 0.6347622 -0.605227 -0.5760814 0.41674045 -0.3327874 -0.16563785 -0.15818644 0.98898375 -0.04050753
1540 -0.33123612 0.72211415 0.98916745 0.44462338 0.7052713 -0.24309193 -0.34802678 -0.113232516 0.059092555 0.1722488
358 -0.2553805 -0.28587994 0.38062474 -0.31984535 0.6808163 -0.499419 -0.6753759 0.56034094 0.5988473 0.1704558
1954 1.125259 -0.1125524 0.14098358 -0.0064820466 0.2952168 -0.9978056 -0.1669036 -0.3973188 0.5500389 -0.85351354
1090 -0.108362965 -0.058607474 0.3802185 -0.3158638 0.7194258 -0.9496372 -0.76034695 -0.49834546 0.6333953 0.7797949
1142 0.4718413 0.03799077 0.53968143 0.06431534 -0.1510021 -1.3428353 -0.018873924 0.19533706 0.73930746 -0.48105156
1676 0.27043965 -0.14438038 0.4921844 0.89208376 1.3970966 -0.58218974 -0.7534338 -0.5347099 -0.40832868 0.051076084
1462 0.054346677 -0.3741474 0.11357568 0.56880236 0.4835622 -1.36813 -0.8431796 0.022305302 0.13280231 -0.22505614
1245 0.15779753 0.66239184 -0.021709232 1.0194323 1.311314 0.17249785 -0.66436076 -0.06687425 -0.4282915 0.110945046
1902 -0.24399559 0.93323755 0.23981811 0.094076365 -0.3177343 -1.0509449 -0.5245757 0.23378572 0.3799065 -0.22268848
1029 0.48031595 -0.31380984 -0.19961925 0.3769771 0.9159286 -1.5129286 -0.49387524 0.08685256 -0.3543992 0.53345346
1920 -0.03127437 -0.2433647 -0.06736363 0.42431697 0.67220473 -1.4117864 -0.5885858 -0.46728572 0.30028585 0.37295115
1040 -0.42630282 0.28313464 -0.6826369 0.56908303 1.0958275 0.2769302 -0.28253716 -0.2910482 1.2746992 -0.43987066
1324 0.58197933 -0.41831762 0.19894429 0.6254515 1.349259 -0.4381533 -0.9065726 0.79221374 -0.2134569 0.36701852
709 0.14377427 0.8924468 -0.26295173 1.0631914 0.41382855 -0.050671306 -0.41420493 0.33031493 0.54124403 -0.03902878
1813 -0.07750322 0.29794258 -0.18720978 0.04505104 0.49003208 -0.52290255 -0.31725258 -0.53272176 0.39439613 -0.13188347
1979 0.4683948 -0.24434665 0.7364168 0.63101435 1.5762024 -0.04892625 -0.6858682 0.025532672 -0.43099478 -0.27233797
1519 0.39053196 0.2828558 -0.846749 1.4461184 0.47480834 -0.80733037 -0.4222843 0.46524316 1.0878052 0.12510471
1784 0.29215735 0.546479 0.51949674 1.4360746 0.55893576 -0.609173 -0.11782811 0.47931427 0.3403673 0.33751166
1810 0.2521449 -0.12163559 0.5612295 0.46619993 1.3246127 -0.61289483 -0.9793905 -0.5013856 -0.5479627 0.024593454
1094 -0.35028294 0.77577615 1.1354874 0.45230278 0.9854763 -0.35354295 -0.36792108 -0.61066866 0.0026859671 0.44533396
68 -0.09793292 0.68141747 1.2185498 0.39595065 0.9618597 0.0320196 0.19666831 -0.23709328 0.56973845 0.40726426
1966 -0.5711323 0.60004485 -1.0895097 -0.42226216 0.41855872 -0.8683741 -0.3059831 -0.8042244 1.1203824 -0.21190487
1821 -0.23753779 0.28033268 0.06802721 0.95727503 1.4007559 0.09859096 -0.3695384 0.36176056 -0.42998517 -0.23834917
500 -0.2787186 0.62784594 -0.2101215 0.92518175 0.75855094 -0.31040633 0.24905749 -0.00842642 0.3501098 0.2819373
1934 -0.2707008 0.33779278 -0.6537471 0.9012326 1.0574399 -0.8574828 0.48226643 0.15052035 -0.44049042 0.061926313
1779 -0.25992975 -0.49374822 0.024506273 -0.6935321 0.8488973 -1.4428813 -0.88165736 1.0460572 -0.23299515 0.0031336138
1971 -0.57743347 0.013143428 -0.1189377 -0.2788475 0.7887196 -0.83591026 -0.40690666 1.0142738 -0.38602665 0.17445892
155 -0.94455516 -2.7093287 3.403504 -0.0005380262 4.8470697 -3.475238 0.44659114 -0.4348246 3.6209364 -7.74047
468 1.9305336 -5.5168333 0.07552563 -0.6506709 6.4997153 -3.8629582 0.7732938 4.019332 2.687171 -4.547482
980 -0.60017145 -0.07726698 -1.2583495 -0.15147474 0.7275054 -1.6015542 -0.08356364 -0.21759295 -0.12251208 -0.8032898
1103 -0.88441646 0.40517214 0.42548597 0.11218744 0.84033155 -0.47336268 -0.0059854905 0.31672606 0.39902943 0.65338594
1724 -0.0029097693 0.98352253 1.475696 0.26112965 0.53645617 -0.23467709 0.01537552 -0.14785355 0.23305099 0.09523694
1510 0.21212992 0.40578002 0.4752887 0.46050045 1.0467116 0.2927081 0.38344097 0.5087261 0.8162933 0.3973563
1596 -0.35044205 0.00017113955 -0.55059916 -0.35230857 0.75262004 -0.40736824 -0.9635678 -0.61364645 1.1541916 -0.16347443
1936 0.4486151 0.81846946 -0.32255545 0.14890344 0.9877885 -0.2846768 0.8218647 0.24897228 0.8182611 1.1750503
1776 0.5955427 0.46788973 0.106525496 1.2202326 0.99069965 -0.34393793 1.0222632 0.14023703 0.40526295 -0.051808666
1435 0.31369328 -0.09434378 -0.009267171 0.7977171 0.3837566 -1.1032299 -0.19501534 0.63373154 0.39956042 0.224548
1641 -0.017226627 0.07376114 0.07434838 0.42178354 1.0605114 0.40025598 -0.56689274 -0.12674566 1.1284192 -0.08183018
1928 0.16544293 -0.27431637 0.8981686 -0.7057908 0.7353755 -1.2874749 0.80364674 0.37741515 0.2969409 0.19103332
1068 -0.8462295 0.5635581 0.28584516 0.41981328 0.3070191 -1.1821755 -0.014669846 -0.281597 0.101847194 -0.03413498
1057 -4.2195935 4.9881115 1.9988041 -0.6539041 4.2867703 -0.44838125 1.0663271 -1.4802829 -0.829032 -5.8770585
1537 -0.20839815 0.4607061 0.03154642 0.32372952 0.039353646 -0.79763925 -1.0465506 0.2983622 0.24302854 -0.6218923
1827 -0.08480588 0.4290325 0.2993204 -0.0056510577 0.60276675 -0.8510882 -0.67254907 -0.5512685 0.49772036 0.95720303
1538 -0.14109515 -0.16810702 0.97627884 0.07097548 0.70431525 -1.1755158 0.14250258 0.13104048 0.058682904 0.3317928
1395 -4.243772 5.308501 1.8535655 -0.8037634 4.1625304 0.031933766 0.9453243 -1.0616597 -0.42784914 -5.9658613
1394 0.08503676 0.14947662 -0.011336465 0.08855681 1.4943789 0.052101653 -0.7128172 -0.6420076 -0.11862514 0.3293749
1843 -0.11502185 0.8332225 0.26239705 0.7917401 0.08987736 -1.0136695 -0.658964 -0.3598788 -0.046093952 -0.85434675
258 0.23247723 -0.18892725 -0.9020088 0.7760561 1.0259231 -1.1725651 0.36398512 0.33771387 -0.26220238 -0.16125417
1156 0.42682153 -0.06520945 -0.1792413 0.011794774 0.67599565 -1.1789705 -0.3149474 0.25539252 -0.3126109 0.3610737
1597 0.12919885 0.49254295 0.24532317 1.2984022 0.5846133 -0.542765 -0.19330876 0.77493495 0.62709475 0.561053
1535 0.34611115 -0.3537977 -0.22555298 -0.48945585 1.0505105 -1.5457543 -0.502923 0.72861636 -0.6953478 0.36071584
1755 1.6039573 0.044611543 0.5960063 0.13672282 0.5651813 -0.940773 0.0144796735 -0.5557143 0.2427514 -0.87870276
1940 0.85723597 -0.15596907 -0.085856 -0.11441644 0.6680856 -1.2773315 -0.4948047 0.5685116 -0.15414707 0.6029696
1820 0.6119377 -0.15966439 0.49117246 0.395466 1.1398164 -0.13288629 -0.55419886 0.2697612 -0.09910346 0.08838358
1439 0.21630733 -0.20464434 0.03551976 0.5631531 1.4103869 -0.5279713 -0.2948144 -0.39703542 -0.5099355 -0.06290455
1669 1.1949021 0.036242153 0.82280755 0.26947987 0.5115163 -0.8758483 -0.054740362 -0.5255588 0.30257726 -0.3901607
414 -3.84299 4.988048 2.1898043 -0.90490085 4.212056 -0.16855912 0.8483867 -0.88508385 -0.7334581 -6.446137
1548 0.32814026 0.36361292 0.0972553 1.820374 0.5859127 -0.8930926 -0.16723044 0.29499698 0.83446383 0.37618342
1703 0.66268253 0.4737082 0.33175972 0.90188354 0.6417456 -1.0660948 1.0799284 0.24268995 0.4574667 0.6193626
1081 -0.078500256 0.5660071 0.027586274 0.6937865 0.68455684 -0.2608487 -0.14109135 0.98098975 0.43780118 0.7549741
1884 -0.7776961 -0.354402 0.12868364 -0.9802845 0.57653207 -1.4997044 -0.4941244 0.8840657 0.24670576 -0.19212152
1916 -0.26027963 0.28167439 0.73230904 0.544055 1.5699592 -0.3988819 -0.80638 -0.83486 -0.49635425 0.20898812
1728 0.019925538 0.3157138 -0.45638144 0.7815727 1.2342606 0.117913924 -0.4443047 -0.17141646 -0.04570802 0.0060123783
5 0.021109909 -0.03104828 -1.3822625 0.52264845 0.9118312 -1.78499 0.6773896 0.5104099 -0.32858756 -0.3389162
1357 0.29591322 0.18237934 0.56848145 1.5305933 0.9470211 -0.62123775 -0.7016297 0.10494069 0.021642976 0.13594735
975 -0.5699362 -0.19179204 1.0357996 -0.18636921 0.7361158 -1.0693883 0.37907833 0.4894882 0.56436545 0.22701114
1648 0.06315558 0.3085102 -0.9948442 1.312487 1.5108511 -0.5248891 0.23254012 0.4073526 -0.67457527 -0.18970433
1716 -1.1059359 -0.04262756 -0.13387881 -1.2589208 0.51464367 -1.6219285 -0.6749189 0.73302037 0.22940096 -0.37892914
118 1.2777418 -0.053109024 0.68232286 -0.13016553 0.5664061 -1.238657 -0.1292287 -0.777205 0.23546919 -1.074302
1793 -0.3482084 0.415906 -0.27299675 -0.122160554 0.48836207 -0.9332232 -0.76874244 0.31332156 -0.23737253 0.39906424
1785 -0.16595872 1.1474894 1.0438786 0.78803384 0.6314692 -0.5162117 0.18658736 -0.2959091 0.11446868 0.46307772
1541 -0.72418493 0.6329386 -0.26726604 1.2451774 0.5772391 -0.39997292 0.10191507 0.3092621 0.5936313 -0.6416727
283 1.3977711 0.14211795 0.74113846 0.09661112 0.7097964 -0.76922023 -0.15475138 -0.83592415 0.13174145 -0.76858455
1369 0.006658361 0.5216994 0.2873016 1.5933272 0.537355 -0.6747823 -0.31682843 0.6770209 0.5710783 0.31852522
497 0.73043466 0.51112735 0.107832134 1.1353928 0.42856982 -0.776954 0.78967047 0.53284156 0.34933063 -0.16592036
950 0.023185495 0.3219531 -0.03366089 0.7042013 0.3893962 -0.6822123 -0.13533953 0.82482564 0.47688517 0.5154455
1829 0.5143388 -0.17892332 -0.44838786 1.0191563 0.36361626 -1.3037341 -0.37744933 -0.14302388 1.2009436 0.06609365
1656 -0.40206462 0.5680631 -0.2962656 0.6240453 1.1913229 -0.31062704 -0.14019103 0.12291893 -0.51029485 0.38473263
1527 -0.3606529 0.23452899 0.41212288 -0.39970124 0.72062236 -0.86249137 -0.44367498 -0.5417008 0.69047034 0.9699968
1286 -0.43453082 0.13889359 -1.161987 -0.28086865 0.53676933 -0.7903457 -0.51832074 -0.07506493 0.5740184 -0.44607404
1536 -0.4209108 0.48437288 0.41271028 0.53097236 0.80868995 -0.13454118 0.42399517 0.5224322 0.24274623 -0.08133652
1808 0.47079414 -0.2004042 0.3417869 0.56227773 0.6951683 -0.97834027 -0.09808281 0.08756589 -0.22275746 -0.08125153
1974 -0.22886401 0.4456184 -0.115302324 0.30731905 1.0586101 0.12924184 -0.21045189 -0.2980639 0.48101017 0.5029414
1507 -0.72916 0.013316297 -0.14345011 -1.0331601 0.35134125 -1.5078622 -1.1120445 0.5554865 0.26804307 -0.056625012
1826 -0.5776577 0.47809714 -1.195042 0.33097696 0.58682823 -0.9348599 -0.14275976 -0.23373894 0.009284243 -0.26624015
169 1.2494053 0.5568497 1.2388585 -0.18885171 0.12714612 -1.0233328 0.6848702 0.06386264 0.90915847 -1.515487
689 -0.05111459 -0.38618013 -0.27660203 -0.5160268 0.97548234 -0.9627356 -0.7487779 0.91009367 -0.21845278 0.16487755
1264 -0.31209388 2.972413 2.7539647 -4.066413 3.364268 -2.503394 3.2345903 -1.1540941 0.5123846 1.0572575
1922 0.41696742 -0.009264089 0.60819274 -0.56457436 0.25039262 -0.7569308 0.26492003 0.17590779 1.3267304 0.20910159
1781 0.5155647 0.7873223 0.4558172 0.7311174 0.734436 0.16846398 -0.23907782 0.28033134 0.042964105 0.06718944
346 -0.19207361 -0.037137397 0.96730304 -0.19586484 0.37141684 -1.3878477 0.50133973 0.92715186 0.26666445 0.13639595
1168 -0.17321089 -0.31843814 -0.886142 -0.67601943 1.099284 -1.6006749 -0.13878305 0.86885244 -0.6484578 -0.0989044
1951 -0.15275888 -0.34960347 0.12518604 -0.75959516 1.0852208 -0.85322505 -0.17233007 0.06568214 -0.0059790937 0.4278689
1807 0.30676213 -0.12820777 -0.17805848 -0.15252596 0.90398115 -1.5940232 -0.67650914 -0.049341194 -0.5224575 0.62769467
1658 -0.2960259 -0.21837363 -1.1340052 -0.17715338 1.0145231 -0.4234028 0.37318274 0.9176451 0.9199987 -0.13551529
1272 0.9481828 0.96097916 -0.06314263 1.0526241 0.59467685 -0.50864 1.2175003 1.0813589 0.42375103 -0.19313782
396 3.949691 6.4550896 0.47731328 -0.8433832 -0.2816572 -1.6795403 -4.4408793 2.1416667 2.51139 -0.48614237
1746 1.5174348 -0.050866984 0.79966414 -0.20727219 0.8395129 -1.013142 0.092741564 -0.7728164 0.10720179 -0.5552498
1065 0.39689642 0.21423744 0.45370436 0.46583232 0.60036904 -0.6504511 -0.13539994 1.0408432 0.24954136 0.73653525
538 3.2929509 7.0933304 -2.764946 -2.135467 0.75965226 -2.5615597 -0.6335178 4.762218 0.17155705 -0.51538736
1915 -0.40983683 7.450725 1.1564348 -1.9322116 1.3967249 -0.19626914 -4.3956842 1.1835147 0.6910492 -2.0208972
1795 -0.042137697 0.39859277 -0.5563694 0.40338433 0.4101901 -1.2320977 0.050529845 -1.0118833 0.9743492 0.3625114
1256 0.44511306 -0.6566747 0.31114677 -0.09308071 0.9038087 -1.3084987 -0.70064616 -0.39417854 0.17228122 0.15912026
1709 -0.68315756 0.44962454 -0.80389136 0.33747992 0.4371895 -1.2925568 -0.09377014 -1.0443519 0.6497619 -0.41877475
496 -0.22376715 1.0190667 1.3757515 0.4879255 0.63627535 -0.29689974 -0.25747004 -0.388418 0.69994044 0.5159975
1416 0.74671394 -0.063853346 0.9837938 0.8262118 1.7695161 -0.07028507 0.88829607 -0.26131776 0.5731251 0.20978834
1423 -0.50311273 7.52899 1.1899973 -1.5580654 1.6503562 -0.14001618 -4.5148096 0.4947114 0.5948017 -1.9481425
397 3.632183 6.4739103 -0.09254804 -0.6811308 -0.4546004 -1.8048975 -3.7553732 2.5154686 2.761699 -0.25595552
610 3.822917 6.129405 0.47892886 -0.85953623 -0.43344027 -1.6922666 -3.8903053 2.8588402 2.7308593 -0.22454856
1927 -0.12057107 -0.26892245 -0.07270042 -1.2263649 0.51837415 -1.0495225 -1.001981 0.20208386 0.61271626 -0.23874764
1677 0.3381203 0.32846713 -0.38723743 -0.31619102 0.43719268 0.05041946 -0.89720225 -0.13887198 1.7535133 -1.4473348
595 -0.20898685 1.0046312 -0.31241763 -0.005044521 0.50159377 0.04611039 0.28693077 0.49825767 0.93480444 0.3891274
1803 -0.3368655 7.417741 0.89559656 -1.5229124 1.340645 -0.39886948 -4.6573024 0.7008714 0.5238982 -2.4382522
340 0.20711175 0.33182594 0.24797076 -0.78712237 0.4172899 -0.87125117 1.0567443 -0.24125469 0.7672552 -0.08750113
1354 -0.27118373 0.96252686 1.3564049 0.521935 0.74851596 -0.3676813 -0.19852538 -0.39893875 0.37080255 0.4602096
430 3.0281484 5.3023653 -1.6106569 -2.2622163 3.9941227 -3.8867564 -1.1031581 0.08994537 -1.706323 -0.3776454
1488 3.0785856 5.2769203 -1.8835915 -2.1044297 3.912548 -3.91035 -1.2966847 -0.021518786 -1.7363977 -0.6428102
1336 1.8639337 8.257931 -1.1778358 -2.419916 1.8664935 -2.5032566 0.13060698 0.28459823 -2.136912 -0.88207364
1338 1.9276353 8.322349 -1.4550512 -2.1669195 1.8050467 -2.5804043 0.10898392 0.25873366 -2.0832663 -1.0625507
411 4.148291 6.223735 0.028516887 -3.9034023 2.7759264 -1.0361191 -3.3630724 -0.9186604 -1.1467111 -1.6113993
1428 3.9027746 6.218395 0.16413058 -4.1200514 2.8147979 -1.0945823 -3.259678 -0.9752093 -1.2395852 -1.3998564
455 4.035378 5.9490027 -2.4514654 -2.622438 2.6639335 -2.4090145 -3.3456562 -0.8183087 -1.8061975 0.20145346
1555 4.0619326 5.8320417 -2.6545966 -2.4480193 2.596643 -2.4490008 -3.601014 -0.93770325 -1.7053924 -0.038501482
1832 4.2581725 6.8098664 0.5102255 -4.8261695 1.7690513 -2.3006876 -1.1651934 2.1626067 -1.0253501 -0.09322652
1666 4.3958907 6.8712373 0.5297505 -4.7727914 1.8621888 -2.2563012 -1.0541587 2.3973641 -0.9815482 -0.0039240774
687 3.2336817 6.455654 -1.08333 -3.9226503 4.0759926 -1.9731345 -0.24546523 1.1335512 -3.1069734 0.85286194
688 3.0619678 6.398732 -1.0832983 -4.033534 4.01533 -2.008976 -0.3870036 0.77815604 -3.1088476 0.78301734
1707 2.1760793 6.1945415 -0.903733 -4.155115 1.4073788 -3.6071155 -1.40075 0.009993397 -2.0909877 -3.0541985
479 2.068924 6.169841 -0.60712904 -4.3222632 1.5057896 -3.6541114 -1.2869631 -0.107032694 -2.2375011 -2.8083222
1880 4.744714 6.2453246 -2.2029676 -1.0560414 2.0217772 -2.9010866 -1.2550128 0.85997534 -2.5267985 -2.4393086
1881 4.731693 6.1285195 -2.0610218 -1.23633 2.5269785 -2.4354107 -1.2320113 0.37516874 -2.7693813 -2.5730662
1318 3.6892662 6.7653565 -0.13962439 -1.3278027 2.4491549 -3.6288257 -0.4535048 -1.3428836 -3.0728893 0.393378
825 3.6630788 6.744919 0.14641532 -1.669396 2.5244434 -3.6001544 -0.39548048 -1.3429418 -3.0879543 0.5118451
1589 0.15880883 0.51141596 -0.33963618 -1.0977745 0.86862427 -0.6466421 0.9619663 -0.5411311 0.6865281 0.20916438
1955 0.114203684 -0.09829879 -0.16407685 0.6220223 1.272906 -0.09552404 -0.050154418 -0.47996458 0.6822953 0.3388541
328 2.876425 6.741573 -2.8361328 -1.9360684 0.83115125 -2.428138 -0.1359722 5.4007673 0.3720947 -0.39316273
1145 -0.13282041 0.6424678 -1.0925308 0.40086314 0.9278203 -0.21221922 0.36508226 -0.5230361 0.4176555 -0.2870829
18 0.12271363 -0.2606328 0.054163978 0.5939574 0.7206205 -1.3437604 -0.7889888 -0.19174013 -0.099157855 0.10654497
1914 0.08834406 7.7134576 1.4000491 -1.6005687 1.485317 -0.34719488 -4.308301 0.71534926 0.3259222 -1.5451461
1910 -0.40874803 0.4105208 -0.49745595 -0.31924435 0.19449358 -0.5428397 0.084292695 0.027663998 1.2756867 -0.21204524
410 -4.0200515 4.7239847 2.131098 -0.12342647 4.2379827 -0.14187957 1.2423725 -1.3387132 -0.29124326 -6.2492714
1071 -0.6041431 0.653219 -0.9925413 -0.43206382 0.93055195 0.0020734854 -0.48325393 -0.7397415 1.4003297 -0.25733826
1504 -0.29495764 1.0186037 1.4381045 0.57037747 0.66646665 -0.41088593 -0.07506504 -0.31045413 0.42930806 0.5548362
1592 0.017864492 7.3005934 1.4263979 -2.3708007 1.385327 -0.40856937 -4.3356004 0.6097937 0.5492947 -2.2075057
398 4.343819 6.0578175 0.39389998 -1.025398 -0.42551744 -1.8929982 -3.3949842 2.3322825 2.5173163 -0.109418854
1583 0.12191876 0.67748654 -0.26833758 1.5197625 0.4807518 -0.49250475 -0.37331194 0.8948183 0.76493484 0.15722176
1543 0.22824231 0.04270525 0.51137424 0.50752276 0.02937241 -1.2029461 0.16741318 0.55365914 0.7564557 -0.16048938
1366 3.6204035 6.515131 0.6430943 -0.85024476 -0.20214951 -1.7728373 -3.899722 2.3462353 1.9342973 -0.008348329
504 3.4334056 6.6535196 -2.4060583 -2.1520715 1.0726029 -2.4498441 0.10886124 4.825139 -0.20989642 -0.106350325
1863 0.5582055 -0.03387096 -0.24667458 -0.7623572 0.5258975 -0.4507973 0.18265933 0.15796942 0.57328147 -0.3979493
1804 0.0479458 0.65674746 -0.424213 1.295782 0.4193347 -0.5281869 -0.33340788 0.99668735 0.34343502 -0.0510267
1626 -0.64507735 0.11665846 -0.508132 0.1255962 0.2464465 -0.84349966 -1.28314 0.5221403 0.45261255 -0.6668783
1284 0.43539414 1.1543081 0.23580617 1.1259204 0.33213422 -0.22642899 -0.70827806 -0.044425055 0.09776152 -0.4573328
1230 -0.11150546 0.639969 -0.58134747 0.5212872 0.3022757 -1.0254629 -0.019586792 -0.88526547 1.1102386 0.46225455
1106 -0.14769341 0.33381546 0.49487913 -0.28956985 0.8736092 -0.9081355 -0.80600154 -0.6095176 0.8069972 1.3476558
1696 -0.5582191 -0.32877687 0.42415574 -1.1680893 0.6241983 -1.6560502 -0.6288257 0.5741029 0.020369705 -0.3051434
1269 -0.5239235 0.11665785 -0.28880066 -0.22032736 0.73677695 -0.40345255 -0.77384156 -0.89640576 1.2229402 -0.15027446
1257 -0.13880321 -0.448373 0.093874194 0.034244046 1.0688264 -1.0935436 -0.79980004 -0.17784911 0.18915042 0.6474255
93 1.1633835 0.09728569 0.8041981 -0.048330836 0.47704482 -1.1747683 -0.1796109 -0.6964329 0.21060781 -0.7484598
1111 -0.283359 0.55203426 -0.83272415 -1.1552851 0.3890874 -0.8109684 -0.10100113 -0.37947404 1.2195842 -0.22694185
972 0.5942067 -0.014243871 0.89723223 0.6547715 0.99851984 -0.6487333 0.77665114 -0.24057968 0.41038328 0.029732991
1593 0.60489863 0.42778257 -0.24420027 -0.47725102 1.2202682 -0.6050994 1.8121803 -0.28379822 0.8371226 0.11382192
1491 -0.032610685 0.6480362 0.21108802 -0.4560915 0.53590715 0.25471374 -0.77299064 -0.32747996 1.7584599 -1.0657635
1982 0.15794668 0.86346024 -1.0982724 0.5286866 1.330375 -0.12151976 1.2584547 -0.30749002 0.4405763 -0.07386983
1861 -1.2320753 0.561514 0.48528513 0.18050836 0.5197631 -0.98626417 -0.29231086 0.31921983 0.2235898 0.48244599
607 0.13902955 0.8205351 -1.1478497 -0.21569167 1.3055782 0.18654379 0.17498401 -0.82384866 0.66573304 0.2554144
938 -0.39155257 -0.20979752 0.083152354 -1.1397418 0.30687004 -1.6600789 -0.62001735 0.63976336 0.17214538 -0.51164633
1559 0.060195304 0.04626074 -2.1411953 0.7790828 1.4824315 -0.9440193 0.56607205 0.7800416 -0.060498446 -0.54067755
1121 0.23302582 0.399214 0.5003162 0.98085976 1.2825133 0.34434465 0.52071404 -0.3064108 0.83332473 -0.47356075
1126 -0.15646802 -0.011037575 0.20799959 0.70326483 0.5146192 -0.9033454 -1.4772998 0.5686666 -0.17750002 -0.9163255
1943 -0.13073322 -0.5140348 0.43041345 0.32952777 1.4181708 -1.2893246 -1.0760196 -0.6620594 -0.15468182 0.39005044
1689 0.15489861 0.8835354 0.09271333 0.17765832 0.94689345 0.43339813 0.39663795 0.3576493 1.1241634 0.5717397
1904 -0.47396648 0.8365532 -0.5918894 0.6100479 1.1289834 -0.16152069 0.5051546 -0.25997004 -0.02040399 0.14027224
1197 0.12749709 0.80122954 -0.21652332 1.3891052 0.6705599 -0.50790036 0.65982944 -0.19927895 0.67406803 0.03890604
1991 -0.3559811 0.8822554 -0.9421926 1.2514046 1.0351888 -0.23987179 0.68775 -0.277517 0.5688095 -0.38694713
1958 1.0640278 0.5954149 1.1451329 -0.5492688 0.2202992 -2.0960853 0.9214034 0.1126544 0.90389633 -2.5890436
1623 -0.38903165 0.100669354 0.925257 0.52727705 1.481293 -0.6314305 -0.8290363 -0.8575023 -0.31030354 0.40118444
1756 0.13499627 1.1098337 0.69256353 -1.970348 1.6648806 -1.0779104 2.1074476 -0.32106483 0.44037437 0.718655
986 -0.03344335 -0.694848 -0.029313527 -0.68725985 1.0349681 -0.5063639 -1.2991184 -0.30172163 1.7889198 -0.3145931
1335 0.33100554 0.015208691 -0.6118363 -1.0080659 0.64827824 -0.41524222 -1.006167 -0.1382597 1.2094595 -0.14047267
1086 -0.55742097 0.51152545 -0.54610914 -0.479343 0.99188924 -0.075974084 -0.8817708 -0.8063502 0.79962426 0.15793347
1980 -0.30520645 -0.24731627 -0.3593528 -0.60557264 0.5771438 -0.8710034 0.44839886 1.0773813 1.4670045 0.014097148
1965 -0.062139362 -0.46269828 -0.09955703 -0.63630813 1.0857656 -1.1997201 -0.54655224 1.2816232 -0.49767268 0.21291116
1049 0.29564524 0.73325706 0.037984874 -0.10616206 0.9293067 -0.8816427 1.45263 0.20817368 0.55001116 1.1522613
1157 0.017067982 -0.24223688 0.044108 -0.60829204 1.0040907 -1.0458004 -0.664828 1.019896 -0.7471439 0.022692632
1138 -0.16774495 0.48111033 1.0529697 0.6353065 1.5482823 0.04559467 -0.7689385 -0.60102826 -0.14650507 0.450074
336 0.13191478 -0.38983342 0.44771826 0.22753394 1.0315351 -0.53867215 0.6248342 0.09408887 1.2533401 0.21776864
1453 -0.48853186 0.6765588 -0.47396725 1.0690701 1.5298771 0.06070414 -0.595833 0.4263713 -0.65327793 -0.12727
1685 0.03857874 0.4766083 -0.41064546 0.57789147 0.58039105 -1.0110892 0.30460894 -0.90303636 0.7682417 0.54362077
921 1.3247507 -5.1419487 -0.20872255 -0.9816963 5.9379945 -4.115717 0.6156308 3.8498187 2.1549795 -4.5768266
1912 0.5360597 0.22076486 -0.5725075 -0.43067837 0.40994376 -0.48886698 -0.7654061 -0.45511624 1.1220932 0.069166854
22 -1.2230536 -2.5571408 2.7319658 -0.62505054 4.6301465 -3.6978333 0.4757207 -0.06962243 2.5195124 -7.484287
1487 0.13648067 0.2326634 0.6287086 0.5097557 1.3173412 0.33654344 0.5740356 0.3704855 0.5023511 -0.14554708
1661 -0.0061007063 0.0034685703 -0.8013417 -0.10145354 1.3019476 0.015902031 -1.0716834 -1.1440835 1.5596015 -0.49298048
1612 0.105339386 -0.17195131 -0.59535724 -0.63251203 1.1143377 -0.18079625 -1.5914872 -0.65754896 2.092529 -0.48487234
1825 0.27832386 0.24819484 0.2575895 -0.126114 1.0743443 0.5655244 -0.9172295 -0.26943064 1.2838832 0.15811811
1903 0.51908034 0.17836994 -0.28873548 -0.31346324 1.2253393 0.30631468 -0.15542327 0.08217177 0.2923148 0.25990686
1921 -0.113176666 0.272896 -0.53367895 0.43293494 0.7290857 -0.36856705 0.54469025 0.5020759 0.99216765 0.34547597
1450 1.8257068 -0.35365185 -0.26761395 0.5114885 0.5753795 -0.7532257 -0.5602172 0.8596126 0.91463274 -0.9855449
1477 0.2635509 0.33746663 -0.61720103 0.8076002 0.27779028 -0.93648547 0.49533468 -0.012960124 0.78732866 -0.1091847
1967 -0.58202475 0.39731586 0.9744881 0.2651716 1.1618079 -0.7241241 -0.3407557 -0.72056943 -0.3820409 0.26290485
1800 -0.07295387 0.9205728 0.27793625 0.6947466 0.025453765 -0.7906777 -0.8441676 -0.10973409 0.07242678 -0.8436067
1757 -0.40103996 -0.28857863 1.4320337 -0.764548 0.6716853 -1.5342082 0.16746643 0.68351364 0.21855734 0.10963072
1850 0.3663009 0.3667608 0.84069645 0.3592407 1.3813092 0.5564009 0.74105215 0.06748894 1.1045494 -0.2506358
1694 0.24674316 0.7861746 0.515533 0.4851192 0.03265586 -0.8707741 -1.1221763 0.34619072 -0.1727399 -1.0257473
232 -0.8420951 0.4233903 0.44814968 0.14802109 0.98405993 -0.11473295 -0.29746708 1.0832386 -0.34198615 -0.10981156
1791 0.24221173 0.43391183 -0.32080993 -0.949387 -0.0569806 -1.3326107 -0.86150074 0.30053762 0.7550365 0.20262863
236 -0.56450665 0.72231257 0.6508303 0.31901833 0.45413172 -0.37110838 -0.1815166 0.6338166 0.33366576 0.4549037
1968 0.63139373 0.25791565 0.9894408 0.76182157 1.112578 0.14873561 -0.7108679 0.06795079 -0.0078069097 -1.6661774
1836 1.9409033 -0.06860935 0.4294764 -0.4557772 0.54316145 -0.7001017 -0.0030210686 0.47624308 0.8908349 -1.3631387
1375 1.6308668 0.27686563 1.3519514 -1.3339925 2.983356 0.17260373 1.8680773 0.6962489 -0.3894672 -1.2098637
926 0.21164371 0.7041745 0.654217 -0.36571345 -0.25754994 -0.74994975 0.2504447 0.6336821 0.9317665 -0.36388567
1082 0.18466124 0.30998015 0.2651541 -0.22884946 0.69579196 0.26727754 -1.3375832 -0.21068376 1.5623069 -1.5782722
1788 -0.30305928 0.43654677 -0.47505304 1.1501747 0.81102794 -0.33250627 0.4553237 -0.16505234 1.0348672 -0.37135062
951 0.7640063 0.825502 -0.0147102075 1.3686041 0.61514896 -0.8642254 1.1042198 0.5829375 0.25702915 0.014028692
297 0.894619 0.9866944 -0.17700729 1.3343847 0.9629321 -0.2792108 1.1347436 0.7640249 0.2852806 -0.033323593
1634 0.18104635 0.6430915 -0.68726295 1.4479415 0.45561185 -0.56932706 -0.1432945 0.6519475 0.6715591 0.029552469
1787 0.28517103 0.5118674 0.61465734 1.9556711 0.5938217 -0.86278313 -0.26013872 0.5936908 0.44772744 0.15816307
1901 0.17659439 -0.6378927 0.09244585 0.29657733 1.1647452 -1.4846033 -1.2512566 -0.44464234 0.030949958 0.40274462
60 -1.292687 -2.693801 2.8621125 -0.0974861 4.6729946 -3.769657 -0.2487638 -0.33174127 2.18692 -7.356342
1750 -0.14340644 0.3220682 0.1387224 0.35203704 0.28802088 -1.0074003 0.09590418 -0.4431854 0.34306693 -0.17047855
248 0.04187407 -0.24840327 -1.2899733 -0.2748727 0.5534079 -1.9164026 0.14086244 0.20028263 0.042831164 -0.63885933
1525 0.11108289 -0.20695025 0.60837257 0.14825696 0.67721415 -0.7180474 0.121284045 0.24226376 0.1685028 0.06616109
1730 0.3008356 0.3578979 0.728326 0.69004446 -0.28952044 -1.6920545 0.22907402 0.7859846 1.0384319 -0.026279196
1528 1.2810863 -5.329483 -0.20738891 -0.6490709 6.163185 -4.092624 0.15200585 3.536337 1.9069972 -4.46787
1981 -0.293427 -0.26640263 -0.26629663 0.3957367 1.3465027 0.22458597 -0.5640706 -0.19667262 1.445924 -0.34946245
1706 1.9185323 -0.31938 0.5420716 -0.122923344 0.8523019 -0.6163835 -0.97419643 1.5190173 0.27134967 -0.45700634
1037 0.578346 0.034233477 -0.03278268 0.45269793 0.30684036 -1.2867397 0.35000694 -0.56998134 0.81293535 0.09150724
1942 -0.4632104 -0.25354502 -0.7261197 -0.32410818 0.7258173 -1.5806935 -0.67940307 -0.61759794 0.15158576 -0.24054596
1008 0.7934787 0.91015977 -0.36235955 0.6670282 0.9239163 0.29212618 0.34003887 0.5343011 0.19409531 0.21322285
1385 -0.22474065 0.64591825 0.38994774 1.2697096 0.685625 -0.4467066 0.07570958 0.9265597 0.38079527 0.41528708
1653 -1.6710063 0.6677287 -0.030813793 -0.4038694 0.3663198 -1.3495224 -0.3546994 0.22658384 0.11092788 -0.09144622
1937 -1.1189694 0.39698318 -0.298104 -0.34576648 2.1893141 0.7366694 -0.76101303 -0.93644994 1.4695294 -0.49243113
1854 0.19444054 0.41531938 0.15662205 -0.4884882 0.83148015 0.35381928 -1.1908978 -0.27401426 2.2883341 -1.3858792
1758 0.14353429 0.42181167 0.35785767 -0.61813086 0.7514756 0.41016826 -0.8955241 -0.24288718 2.2475855 -1.5536512
1207 -0.23738867 0.028470442 -1.5640548 -0.64605284 0.7170663 -1.825977 -0.048712205 0.20879763 -0.12308676 -0.32155532
342 -0.19332919 -0.21385391 0.06170465 -0.26410258 0.92070353 -0.5341319 0.591546 0.7503245 1.0226104 0.37653756
1522 0.483218 0.8709787 -0.79657304 0.10806217 1.4780663 -0.30234632 1.2975769 -1.028992 0.66996753 0.25606674
815 -3.6834533 4.48369 2.1861691 -0.5265155 4.0945573 -0.32336414 1.3407086 -1.7965972 -0.3158592 -5.7848477
1662 -0.0503631 0.92158675 -1.3685111 -0.19272149 0.5325719 0.030291995 0.2768574 0.4820935 1.2377164 -0.25131416
1969 0.026050916 0.7629941 0.13305487 0.756073 -0.09092257 -1.2511455 -0.7498585 -0.71219337 0.37992263 -0.8199702
1911 0.5320765 1.1509762 0.021241536 1.4903417 0.76468486 -0.514455 1.1158136 0.3769385 0.26035702 0.15989323
1139 -0.16138116 -0.28256273 1.0801368 -0.31506523 0.5023767 -2.0414245 0.7725824 0.65727574 0.44377795 0.32506707
433 0.09551613 0.44764823 0.17103061 -0.544519 0.81415266 0.36399662 -1.2452317 -0.22663197 2.20981 -1.368405
1997 0.08386826 0.4585995 0.14379914 -0.51862264 0.80464005 0.30147097 -1.2974935 -0.34247217 2.2361395 -1.4368365
1325 0.68739855 -0.1417384 -0.2903359 0.020436749 0.96039087 -1.9548639 -0.42609322 0.1723331 -0.6763362 0.5863859
1484 0.48893 0.032286763 -1.4972602 1.0037088 1.2852321 -1.2891808 0.76592124 0.19869334 -0.39716876 -0.6908254
1953 -0.20590675 0.7821672 -0.093509026 0.29021963 0.68514264 -0.13715348 0.049743336 -0.5680874 0.2473422 0.12012889
437 -0.81328815 0.045618057 0.10697599 0.6080498 0.32325685 -1.0528165 -1.2955501 0.84764594 0.2943517 -0.9783327
1908 0.449941 0.41108423 0.515629 0.2373172 0.9915515 0.42833412 -0.6084547 -0.1489244 1.1805317 0.3917379
1587 -0.5811906 0.8087605 -0.52394295 0.8021406 0.91013837 -0.28719205 0.8674234 0.14227414 0.18009016 -0.29569155
1112 -0.18306343 -0.3196652 -0.3819492 0.50643146 1.5075463 0.23932339 -0.6248041 -0.39174938 1.5123405 -0.45075652
1461 -0.38436475 0.65672004 0.22682214 -0.17935236 0.20540361 -0.69730055 -0.80726814 0.25016272 0.5142932 0.5816164
748 -0.49717182 0.23076488 0.0074164085 0.6511272 0.29041252 -0.53105783 -1.6218315 0.70828193 0.77658015 -1.2973562
1913 0.4155144 0.73467743 -0.86378336 -0.50954974 1.6745204 -0.5479669 1.6828988 -1.0555114 0.707499 0.19278112
308 0.5205917 0.9643985 0.78879106 1.1355065 0.26325026 -0.6692872 -0.6351631 -0.25488445 0.13668391 -1.5158112
23 0.7609259 -0.07990842 0.61123973 -0.88438267 1.3036464 -0.35200846 1.4255958 0.28840387 0.7179858 -0.07917914
117 -0.025293773 -0.25333646 0.6049027 0.19247356 0.7115449 -0.48510322 0.35334405 0.9831637 0.31930235 -0.88134557
883 -0.34103665 0.02716667 -0.7996642 -0.71260965 1.0672307 -0.35603267 0.73733234 1.1670754 1.5777527 0.022553893
43 0.5405806 -0.39394277 0.8136266 -0.34488875 1.0401899 -1.3287224 -0.20474412 -0.41442832 -0.2319233 0.3685446
737 -0.45076758 0.82073826 -0.7293577 1.1741166 1.7342248 0.08025888 -0.3007731 0.7597305 -0.87586534 -0.20787422
1073 0.12480483 0.14584588 0.15976024 0.7244974 1.1754599 0.18388121 0.59945846 0.015201262 0.88488525 -0.17338105
786 -0.35853645 -0.28557208 -0.28560412 0.55706704 1.3716718 0.12694414 -0.68834543 -0.36597517 1.5536067 -0.40759787
1744 -0.77431 -0.21497004 1.2140386 0.18894742 0.86815536 -0.8531797 -0.40158027 0.46148205 0.3601379 -0.026396545
1796 -0.72160554 0.61673975 -1.0001717 -0.6938985 0.4850928 -0.6125405 -0.2788637 -0.5312061 1.4925909 -0.21865591
1178 -0.6046458 0.83073276 0.8551905 0.47880697 0.118346095 -0.8277202 -0.09523727 1.0929457 0.32163993 0.28102553
1717 -0.25106925 -0.69994736 0.16768141 0.21936585 1.2647439 -1.593916 -1.2251815 -0.44936755 0.1901264 0.4067883
1391 0.61094713 -0.16219154 -0.2380476 0.093388736 0.9293685 -1.9841552 -0.44526422 0.24948461 -0.6333621 0.65724057
1856 -0.46293613 0.7979323 -0.40887275 1.1105492 1.3503983 0.27918434 -0.76361424 0.32916924 -0.4059724 -0.40756086
1780 0.41820168 0.32410052 0.8248439 0.14684242 -0.33102614 -1.2011191 -0.13391353 0.9210584 1.8107457 -0.014293409
1433 0.41178432 0.16177213 0.32596338 0.8611695 1.2319976 0.14228956 0.85347897 0.029762948 0.97460645 -0.37757775
1722 -1.447865 0.7163113 0.5273532 0.060993593 0.5146088 -1.4711869 -0.28426176 -0.07647202 -0.04072936 0.3948534
1558 0.47988096 1.1306473 -0.12042474 1.119504 0.9423366 0.32341477 -0.47767067 0.34073195 0.019342711 -0.017206945
1026 0.814323 1.3648967 -0.1729403 1.3507512 0.31394866 -0.501507 1.0233328 1.5794886 0.6641511 -0.53997666
1962 -0.019823913 -0.11088149 -1.0344867 -0.5947978 0.71092737 -0.31508717 -0.386547 0.37339804 1.1619176 -0.32512772
1356 -0.4084038 0.61591285 -0.68397194 0.0057648304 0.48995668 -1.0025228 -0.296433 -1.2529231 1.2557057 0.24231751
1224 -0.7584297 0.7096864 0.42318934 0.6205908 1.0512495 -1.0758295 -1.0251075 -1.0222086 -0.6698131 0.047268696
1316 0.32651046 -0.22679745 -0.12854806 0.3287614 1.0355628 -0.4912257 0.5487099 -0.28995138 1.1339797 0.34614205
1679 0.38447797 0.65655184 -0.049139917 0.5064842 1.1073134 -0.92677397 1.1258067 0.53609407 0.36574188 1.346308
1478 0.55120933 0.1536045 -0.5725225 1.3498449 0.5220525 -1.1466552 -0.13694794 -0.33464348 1.4713781 0.41002116
1490 -0.4827652 0.49135035 0.7018208 0.070348896 1.2677728 -0.16114035 -0.26912645 -0.4797773 -0.25201258 0.3922809
1682 0.14797592 -0.00657903 -1.6016933 1.1649318 1.4950017 -1.407975 0.7543692 0.4786754 -0.41715962 -0.40702406
620 0.65631914 0.9261155 -1.7844764 -0.53019 2.0091226 0.13106729 0.09178948 -1.6613556 1.2230128 -0.49402624
1348 0.63537186 0.90521526 -0.7359085 -0.06816877 1.5985368 -0.5275023 1.8856088 -0.6446144 0.8362245 0.5643607
973 -0.3388797 -0.04452047 -1.0279071 -0.36407456 1.1375065 -0.2713972 0.7398619 0.4243438 1.4269955 -0.12821819
1465 0.943837 0.9547953 -0.036584783 1.1651417 0.9112904 0.46657604 0.48976514 0.8275192 0.6889041 -0.21010871
1584 1.1878222 -0.1585683 0.48240808 0.35635203 0.98673683 -0.6477243 -0.6655327 0.9333805 0.18383949 0.82942677
744 0.94991475 -0.38620618 0.43485552 1.0823735 1.6844586 -0.34186625 0.650611 -0.46134582 0.7972094 0.056259755
809 0.26793802 -0.4752354 0.79947954 0.32040572 0.78660107 -0.90790427 0.66367495 0.070629664 0.7947094 -0.3592161
585 0.33702713 0.08710676 -0.2650604 0.7809389 0.3630106 -1.4937898 0.13482755 -0.6048075 0.9296219 0.3796053
1727 0.12849882 0.656062 0.15204027 -0.29912037 1.2128333 0.5212696 0.772428 0.08881441 0.7793971 0.13377857
1683 -0.80217385 0.23580256 -1.1922315 -0.6426607 1.0472522 -0.26256415 0.45084077 0.6597145 1.367679 0.00793996
1303 -1.4380064 0.53828394 -0.95731425 -1.4254838 0.52270615 -1.1303394 -0.68977195 0.67566174 0.77769667 -0.6994969
1998 -0.5475873 -0.5636741 1.1630962 0.29015827 1.2653177 -1.2364843 0.65168506 0.31225553 0.8883107 0.17405632
1864 0.39985928 0.20893535 0.7332269 0.50935036 1.5727924 0.36400923 0.7690272 0.06258242 0.6453729 0.12055424
864 -0.86104244 -0.05861756 -0.7978725 0.6041262 0.9407153 -1.4597158 0.044352897 -0.55668974 0.08190901 -0.6657089
490 0.028879868 -0.092139766 0.7819962 0.35588276 0.85114306 -0.92661256 -0.28568912 -0.2728409 -0.13454576 0.2706141
1309 0.22207119 0.7750641 -0.074482925 0.5998422 1.0996388 -0.85298145 1.0871799 0.44657347 0.547866 1.485635
1674 0.119621456 -0.07503573 0.6759655 0.24247527 0.12220369 -2.3133671 0.79632187 0.827525 0.46389294 -0.026008792
1853 -1.1723329 0.33751824 0.46637264 -0.16303158 0.8539138 -1.1535863 -0.35476667 0.6575529 -0.15631278 0.7517396
1585 0.33460328 -0.65624547 0.15732251 0.50962746 1.081305 -1.2729841 -1.1150553 0.085636705 -0.1400496 0.13325274
1948 0.16478506 -0.27385327 0.041895527 0.6911954 1.0782568 -0.18800613 0.25885946 -0.27029088 0.831622 -0.2155707
415 -0.67907584 0.38209164 0.113507345 0.85258424 0.18503976 -0.9121128 -1.4967661 0.7568978 0.46692306 -1.237012
1489 0.045692045 0.7061171 -0.67094004 1.6725211 0.53454614 -0.66350293 -0.5685512 1.0875978 0.68123287 0.082915984
1652 0.1622822 -0.24427387 0.99893075 -0.091864385 0.918786 -1.1048391 1.0596375 1.0412447 -0.13320714 -0.84238714
920 0.777938 0.1000183 0.6839111 0.2923888 1.0213461 -0.5613124 -1.5491645 0.7989271 -0.86006594 -1.0653826
1959 -0.0050547137 0.5033169 -0.7673036 1.321267 1.87643 0.06979118 -0.3820674 0.4941875 -0.80497015 -0.17025682
1972 0.8007933 0.7721088 -0.6559672 -0.033958457 1.7751173 -0.41829216 1.8435986 -0.87842214 0.81545067 0.42864776
1897 0.4202573 1.0372441 0.6120815 1.096114 -0.099869095 -0.9761528 -0.6407391 -0.30785212 0.44140434 -0.887925
1313 0.10066508 0.600852 -1.1987389 0.09889677 0.430828 0.05943789 -0.5934388 0.7355888 0.9540037 -1.2909071
1013 0.46102855 0.6271094 -1.0206479 -0.95102715 1.0292968 -0.42759955 0.12947345 -1.0763197 0.86882865 -0.10045626
1917 -0.8497633 0.5624303 1.0470034 0.4614109 1.5497179 -0.69616497 -0.4350499 -0.9348687 -0.4098194 0.3711082
793 -0.2698489 -0.10537267 -1.7545885 -0.472236 1.0250845 -2.4192398 0.19540729 0.4865551 -0.42850786 -0.46453103
182 -0.5342968 1.3958377 -0.83841723 -0.59217125 0.6673722 -0.037826084 0.54569995 0.24765211 1.0289652 0.27232966
1019 -0.2792357 0.79714024 -0.44975337 -0.846618 -0.076226845 -1.0602514 -0.69853103 0.2754764 0.6540754 0.15543501
1087 2.8356276 0.4528347 1.3788221 -1.1166809 5.0902143 1.4114994 1.4433304 1.2485609 -0.7155 -1.6039555
840 0.57729006 0.45639187 0.3900694 0.17269559 1.0836298 0.5435823 -0.37792924 -0.03346714 0.29575607 0.04009477
2009 0.23064548 0.7146359 -0.08168791 -0.88379073 0.043032292 -0.70222527 -0.34188908 0.39588872 0.9587902 0.4780452
1862 0.3946935 -0.25224516 0.6729926 1.0381392 1.6612729 -0.6320356 -1.047688 -0.5901491 -0.36050153 0.20548384
1287 1.1322852 0.030987836 -0.16745308 0.83696413 0.14130689 -1.0910792 -0.076561995 0.43496552 0.7344091 -0.46950963
1502 -0.830754 0.29667723 0.4920294 0.26153862 0.8731809 -0.43876845 -0.045139045 1.1715014 -0.14299108 0.0546899
460 -0.8944513 -0.13437486 -0.76037115 0.6845922 1.0804212 -1.2673157 -0.36234018 -0.71944636 0.07075942 -0.6578591
1143 -0.24391598 -0.07352112 -0.26651806 0.12850997 0.8460909 0.22736567 -0.95099247 0.23328009 1.7481465 -0.7883978
1101 1.9442884 1.3844954 1.2979761 -0.24823959 0.59333086 -2.077902 1.5099257 0.13141568 1.5296052 -3.8571124
364 -0.94561625 0.14247309 -1.2049626 -0.20182405 0.6930575 -1.2649845 -0.56776637 -0.2891445 0.105504766 -0.679917
1374 -0.12012469 -0.19996743 -1.714562 -0.4988463 1.1791081 -2.1691895 0.16890456 0.48403144 -0.45895308 -0.46519992
1479 0.06611766 -0.14862928 -0.5456137 0.38283256 0.5612845 -0.9695838 0.63886464 0.048840012 1.407397 -0.02401538
1384 -0.47922304 0.21296626 -0.7124819 0.31011608 0.33838207 -0.92374605 0.055839412 -0.29791388 1.4783797 -0.17335618
1501 1.6997529 1.2620026 1.5720721 -0.495363 0.40199345 -2.1215727 1.5625572 0.21444851 1.4256032 -3.2377172
1580 0.38656572 -0.2982913 0.7636436 0.70898426 1.9379498 0.06843691 -0.9577844 0.62363565 -0.49155363 0.09412636
393 0.54164827 1.112864 0.5444567 1.201723 -0.18297096 -1.1711162 -0.49486798 -0.4643923 0.476173 -0.8881281
1153 -0.22654504 0.14312185 -0.08649075 -0.23910074 0.78909224 0.37146014 -0.8770813 0.36400703 1.8317426 -0.6290681
519 -0.24566929 -0.04244721 -0.34996495 0.42569512 0.4999435 -1.3582126 -0.72288185 -0.31619084 0.023962814 0.10752525
1900 0.25875694 -0.45471245 0.34951845 0.24679929 1.2686834 -0.9288951 -0.5489051 -0.59863514 0.1177033 0.5261801
319 -0.81786597 -0.5092724 1.0239038 -0.28045738 0.8500224 -0.7379665 -0.28120524 0.78285545 0.84476256 -0.14317143
2006 0.4014418 1.0703506 0.421573 0.1739583 -0.07690049 -0.59239984 0.8799334 1.4032474 0.8729549 -0.38010803
1132 -0.7209851 0.7289302 -0.3001612 0.96221554 1.346638 -0.10338094 -0.6285632 0.38471088 -0.6535876 -0.0728622
554 0.7213439 0.20514569 0.34174716 -0.73122424 0.14750455 -0.58347166 0.0814323 0.9165273 1.5066589 0.31502965
1999 0.32634223 0.3968324 0.75327826 0.34292832 0.82754725 0.2021309 -0.7993862 -0.5256635 1.3904625 0.32252973
537 0.12258925 -0.037228793 -1.0055804 -0.5923333 0.82517433 -0.12112128 -0.6932995 0.021679975 1.628565 -0.45160207
92 -0.14133722 -0.4593282 -0.5009576 0.725249 0.92729515 -1.0335841 -0.39834267 0.2039255 0.387028 0.27486718
413 -1.08953 0.15406206 -0.8770199 0.5285799 0.7280595 -1.6281061 0.24926762 -0.4058016 0.14085491 -0.7231469
6 1.2334925 -0.31428024 0.7977477 -0.14822067 1.0396078 -0.00423931 -1.2323467 0.8782809 1.1367062 0.32652137
1944 -0.6568442 1.3760766 -0.68554634 0.022682752 1.205728 -0.45368475 0.600315 -0.79342693 0.25699228 0.95490605
1091 0.059780635 -0.115181185 -0.70345604 0.38575342 0.67847025 -0.9721853 0.7879186 0.028787194 1.3485775 -0.0025268956
1205 0.10235881 0.9929933 -0.43439397 -0.064758465 0.9743973 0.02850709 0.44485 0.1303951 1.33333 1.1690216
1305 0.7107723 0.42494226 -0.31550464 -0.3614363 0.9137976 0.039114892 0.2820486 0.12901671 0.90926737 0.64024216
1687 0.5463951 0.16982326 0.79397935 -0.31712782 -0.009926012 -0.7494503 -0.20824063 0.6785517 1.9470133 -0.14979453
1288 0.33753958 1.2067081 0.0055076727 0.33300164 0.121528596 -0.708448 1.0339816 1.8692077 0.3448999 -0.4234172
1412 1.8262447 1.4533701 1.2013097 -0.29158372 0.3183767 -2.256802 1.4852065 0.15856995 1.5966338 -3.3561258
1599 -0.3757366 0.15743764 -1.19423 -0.55842733 1.1992706 -0.13872208 0.5794581 1.2022789 1.5863588 0.024713675
498 -0.62585276 0.8546114 -0.6118719 1.5382973 1.0193527 -0.26050612 0.42296585 -0.31603044 0.98509717 -0.4555868
1868 0.16141997 1.2366943 -0.07182923 1.4943209 1.5024705 0.5517789 -0.42868462 0.25828734 -0.28042147 -0.11072173
1705 0.33403486 -0.32933488 0.65844434 0.82689255 2.07839 0.1711547 -0.9737261 0.6265722 -0.478206 -0.086270876
1640 0.064839974 -0.12816949 0.14207634 0.31033325 0.54594296 -1.0905933 0.6460248 -0.20607726 1.1517634 0.26354384
1894 0.5069966 -0.14129382 1.2499288 0.6653751 1.3618058 -0.5018516 0.8909743 -0.059680536 0.5794999 -0.03448822
1119 0.47696173 -0.2032009 0.7567932 -0.7653802 1.5132263 -1.1868252 1.2993481 1.0803964 -0.8339231 -0.8042526
1855 0.14310853 -0.29759037 0.068727694 0.42236477 0.90282696 -1.0729332 -1.0815302 1.4736489 -0.24612631 0.3773259
1420 -0.117411606 -0.1105405 0.91607946 -0.54497325 0.32273188 -1.459089 0.23128158 0.4956618 0.41014317 0.14980114
1770 0.49799576 0.20520377 -0.625037 1.7908205 0.5982644 -1.3171914 -0.14430061 -0.11867232 1.5600653 0.31124133
1986 0.2766045 -0.26546758 0.6002859 0.83596504 1.9000005 0.10493336 -0.9228469 0.6917742 -0.4454849 -0.01334555
1039 0.5253395 0.31090075 0.9270472 0.9695628 0.81926775 -0.5125411 -0.20414098 -0.8328975 0.38237238 0.059685376
1752 -0.33661696 -0.47463444 -0.11352684 0.24013454 1.6743621 -0.13394397 -0.8696714 0.009535916 0.09111709 0.24759927
778 0.48473263 0.17939903 -0.027956855 -0.44304046 1.6288301 0.29541397 -0.5817635 -0.20059781 -0.08770178 0.4738273
1244 0.33355233 0.28153563 0.9330092 1.0223384 1.1163372 0.122447744 0.06700233 -0.64964586 1.1682779 -0.28785548
1023 -0.4681871 -0.21819414 -0.4957036 -0.19408078 0.9567808 -0.40843463 0.31733826 1.2291558 1.2550405 0.030283874
1684 -0.064447254 1.1803705 -0.9448627 -0.40084094 1.398544 0.024732154 -0.03365195 -1.0943056 0.849205 0.7936199
1618 0.8296661 -0.17610146 0.5203079 -0.8691559 0.08786252 -1.6746869 -0.16873673 0.08092581 0.6468465 -1.248409
1721 -3.1332142 4.6859083 1.7086762 -0.5572718 3.325871 -0.05097191 1.1372492 -1.1412796 -0.024004929 -5.5344663
1588 -0.18017381 0.8225516 0.2822474 1.3245282 1.0357426 -0.5801409 0.8569066 0.3792778 -0.27559495 0.28058487
884 0.4747642 -0.4748978 -0.024821244 0.31556863 1.1065292 -1.4183002 -1.0069077 -0.10209146 -0.16362856 0.5902832
1198 -0.0066713947 0.41486868 0.7165701 0.8618445 1.2278973 0.044181246 -0.67380565 0.350891 -0.33697572 0.045716118
1659 0.23466206 0.54291105 -0.015907003 0.65269566 0.11810535 -0.7403942 -0.18871732 -0.31249338 0.50308436 -0.20406246
1333 0.20526491 1.0037444 0.066900186 1.7469442 1.9678136 0.69808906 -0.2648799 -0.14341834 -0.049715575 -0.99833196
1485 1.3311745 0.4261201 1.0855601 -0.7918758 0.5108877 -0.5908007 0.74820846 0.44060174 0.66376 -1.1468078
1988 0.5939573 -0.18552491 -0.06525609 -0.8060583 0.46626237 -1.0330154 -0.8913019 0.88638026 0.2930154 0.10868232
1361 -0.05367831 0.7190739 -0.26298097 0.66079277 1.3775082 0.8790571 0.0041981377 1.6230639 0.66579014 -0.43036717
890 1.2726016 -0.25611797 1.3290657 1.1554469 2.0808907 -0.6497926 1.1553634 -0.44420668 0.7237018 0.15303545
1620 0.6144711 -0.26779875 0.8447285 1.2508943 1.4692565 -0.0008875178 -0.3528375 0.41715947 -0.08465973 -1.3148745
1576 -1.5438241 1.1045724 0.93238014 0.26767826 0.34254357 -1.6852039 1.0673076 0.5052169 0.41057894 -0.19176185
1411 -0.64049846 0.6487559 0.49442014 -1.3352015 0.7766088 -0.8200872 1.5209823 0.19104491 0.8003646 -0.3781445
1710 -0.03940215 -0.5936946 -0.0646779 -0.025960023 0.8993292 -1.9149951 -1.1794423 -0.6848585 0.2027209 0.21554382
985 0.20769581 -1.3879951 0.26218674 -1.0477893 1.4612923 -0.82146525 -0.940806 0.74466383 2.2008789 -0.02065211
1421 -0.27292636 0.11235857 0.5170387 0.81461287 2.1004047 0.63265604 0.37873057 0.5982389 0.22263028 -0.87510115
1794 0.6709816 -0.5986573 -0.38943392 0.9687564 1.1736914 -0.95429885 0.19300754 -0.5314246 1.3131855 0.0650343
1771 -1.5256761 0.69495493 -0.25976261 1.5137132 0.3743856 -1.4766477 0.01604175 0.84924877 0.94401324 -1.3452619
1460 0.48771036 -0.5206546 0.21014574 1.0713125 1.1272068 -0.7967144 -1.0751028 0.45535204 0.31973675 0.27724174
1363 -0.04285101 1.1044004 0.42829603 1.470287 1.7949685 0.59598327 0.045859538 -0.60553735 0.18730651 -0.76231927
120 1.3776841 0.0012020741 -0.6688273 1.4424406 0.48463124 -0.91910475 -0.88856584 0.67076254 1.3431147 -0.22599456
918 0.73441976 0.012070048 -0.22152443 -0.5444943 0.7081519 -2.1220362 0.4040014 -0.5646371 0.040282276 -2.6098223
1011 0.8787586 0.014372195 1.0609713 -0.17405441 0.96961135 0.17939986 -0.80360407 0.83407384 -0.035532497 -0.9149371
1763 -1.1851057 0.7500248 -0.00984632 0.5438896 1.617805 0.17886388 -0.46544203 1.4294168 -0.7055684 -0.523638
1590 0.2949889 0.42775434 -0.6232578 -1.0718843 1.4866177 -0.9210816 1.0812005 -1.2955605 0.40915728 0.0012538261
577 0.06653991 2.1268737 1.9220624 -3.3606327 2.9171133 -1.9358691 3.042568 -0.8557238 0.50660837 0.94446063
1466 1.6969477 -0.17090878 1.3620359 -1.1321137 1.8428875 -0.3146459 1.2645057 0.12416322 0.25490966 -0.617722
1772 0.27440473 0.77894264 0.18050253 -0.1759279 0.9562755 0.7775264 0.29136118 0.26430383 1.6236101 -0.15594244
1050 -0.40960607 0.012422213 -0.24831466 -0.59995025 0.77999204 -0.7064879 0.73639494 1.252104 1.5950087 0.0933435
1494 0.046790335 0.7672865 -2.62478 0.40484738 1.0921685 -0.21541536 0.10556104 0.8402413 1.0067395 -0.81875986
1130 -0.16715376 0.6295829 -0.40961462 1.1336515 0.52951676 0.15572493 -0.5852731 0.07405535 1.4216484 -0.40391013
1798 -0.9929673 -0.49157998 1.2453316 -0.077779375 1.1998316 -1.5883001 0.5039652 0.73907423 0.6152919 0.17351294
1166 -0.26379013 0.2656923 0.5310534 -0.94403553 0.45364997 -0.68406916 0.94085336 0.4328504 0.78899884 -0.378292
1595 -0.9183208 1.2376645 0.808191 0.39185908 0.14599197 -1.5360421 1.4615514 1.2321414 0.6267714 -0.4033686
1741 -0.5586376 -0.3749803 -0.17678986 0.657847 1.8113112 -0.051775984 -1.0559255 -0.19561511 0.50116307 0.25708604
1508 -1.2653904 0.95833457 0.07384171 0.9677079 -0.07773393 -1.5108993 0.01919377 0.83620065 0.6672849 -1.1036589
1066 0.06468599 0.68017673 1.1860573 -0.027307061 -0.033332568 -0.5427029 0.40230194 1.2487512 0.9084915 -0.43483576
1097 -0.68660563 -0.6948094 0.6708121 -1.3926965 1.2012639 -1.2771307 -0.53546965 1.0164458 0.4645748 0.09699938
356 -0.36357448 0.33020198 -0.76235616 -0.6600118 1.8983401 0.15826339 1.1680492 -0.78094226 0.82495755 -0.52122444
1952 0.81174207 1.137662 1.8360413 0.057919152 0.2544193 -0.89061177 1.213233 -0.15700729 1.0721054 -1.4781883
600 0.2731079 -0.033164192 0.14379679 0.2965786 0.504561 -2.5570424 1.5527453 0.76472276 0.37475464 0.3156444
326 -0.28243315 -1.5695782 0.6642925 -1.2312661 1.8394427 -1.0077505 -1.0533983 0.7999164 2.4074383 -0.19826797
1578 0.6393083 -2.224391 0.44588983 -1.9578828 2.3287537 -1.359795 -1.4106311 0.92567796 2.9444685 -0.61803085
1747 2.4388776 0.5591464 0.55383253 -1.2350811 4.4570065 1.4399374 1.2185107 1.1483152 -0.22283489 -1.3345351
279 0.54650724 -0.30813888 0.21003647 0.90698713 1.3539302 -0.32122117 0.47313893 -0.22100182 0.6063373 0.09723835
493 0.68739575 0.27447364 0.62498575 -0.45992693 1.6562229 -0.21343264 1.0265477 0.9225133 -1.0078181 -0.9261064
1751 0.26790926 -0.37131232 0.0034560605 0.58123684 1.2324674 -0.6240738 0.050141264 -0.39812374 -0.31216523 -0.6043355
122 1.8752697 -0.4932647 1.2593086 -0.16605547 1.2207141 -0.3159573 -1.3922771 1.5647236 1.1897312 0.18403791
1497 0.9032604 -0.38652357 -1.0309024 0.7265039 0.74802446 -0.8056738 -0.17567024 1.2525735 1.0157905 -0.25901756
1964 0.5944509 -0.15174878 0.38709247 0.9489955 0.8427961 -1.4760795 -0.7665574 -0.28210872 -0.46492583 -0.109488964
1337 -1.8696258 0.808551 -0.8666797 -1.2119441 0.40614083 -1.5106769 -0.4310908 0.7825369 0.5692135 -0.43822888
1613 0.04832875 -0.0535033 -1.1127808 -0.6669018 0.8165064 -0.48584113 -1.2604569 -0.35852012 1.710469 -0.23325647
952 -0.74671257 3.3310268 -1.7174203 -0.007722896 3.8329332 -0.16387936 1.3110901 -2.5170465 1.000396 1.575987
983 0.63309616 1.1458842 -0.58194107 -0.4984375 0.801074 -1.0388371 0.71157074 -0.71500903 1.0759817 1.3635492
273 0.085317954 0.45134205 0.13670813 -0.30010206 1.5579029 0.4531193 0.58471036 -0.37565476 -0.04271758 -0.3745094
469 -0.6381594 0.22881602 0.83874893 -1.0326309 0.891493 -0.75113446 1.2709587 -0.028639678 0.8472373 -0.46222904
1649 0.094441004 -0.7092489 0.17263192 0.24030744 1.2658621 -1.2449005 -1.2077044 1.3905588 -0.33162677 0.04975967
1961 -1.0053464 3.2365234 -1.3535683 -0.36486018 3.5423644 0.048070677 1.3081942 -1.981156 0.84847593 1.5226597
2012 0.17448106 0.9216438 -0.5036427 -0.06311357 0.23986167 -0.10805552 0.8271903 0.48961005 1.2970581 -0.42258477
1550 0.50539875 0.25918457 -0.58477014 -0.3206945 0.32744494 -0.06475123 -0.70659804 0.633323 1.5011755 -1.1750668
1688 -1.2152408 0.4197367 -0.48287714 -0.55503404 0.6205857 -0.4870357 -0.16991243 -0.1764239 0.95867026 -0.1830404
798 -0.94523513 0.7842002 0.021776069 0.88087857 0.806975 -0.38516846 0.7322285 0.50417626 0.25717664 -0.50060856
1476 0.109368175 3.0362315 2.8803391 -3.964742 3.1446757 -2.1043887 3.0231903 -0.40720502 0.32041436 0.83406466
1605 0.88970965 0.7369528 -0.65780157 -0.31759277 1.5866146 -0.06997878 1.0925158 0.03231383 0.9307038 1.1003073
330 0.59826034 -0.021019183 1.2886689 1.0280886 1.4312243 -0.0675886 -0.53829277 0.3746833 -0.31760934 -1.0829549
1001 0.39503583 -0.28385043 1.1859901 -0.64531714 1.436386 -1.374743 1.4113566 1.2016535 -0.44303972 -0.49436536
1174 0.49371985 0.631983 1.3654237 -0.6131596 1.3905247 0.77471703 0.06350383 -0.41497073 2.551627 -1.9992651
335 -0.06284256 0.36212358 0.7602989 0.89803636 1.0274308 0.059886374 0.27048156 -0.5287985 1.1928031 -0.3395308
1883 1.1011854 -0.12529737 0.86438257 -0.58059275 0.8621313 0.02838828 -0.32326794 0.66645396 0.32815242 -0.8781005
1118 0.67737114 0.4905039 0.60682166 -0.07807731 1.3743546 0.2831475 -0.003652334 -0.53983074 -0.36389533 -0.35527393
964 0.040787853 0.8845335 -1.5415589 -1.0185966 0.33666155 -1.8636435 -0.28674853 -0.50108117 0.6358146 0.2749154
2013 -1.4807136 1.0515949 1.1264173 0.41484603 0.45424932 -1.546294 1.2022915 0.7164722 0.6645118 -0.15701237
1452 0.5229101 -0.4638099 -1.1123694 0.7734586 0.8327032 -1.8761411 0.8183048 0.78080285 0.5609189 -0.43956193
899 -0.13786666 0.08970984 0.30084038 -0.0707482 0.70377964 -0.0048466246 -0.051140647 1.4189854 0.32277247 -0.84787697
1181 0.27322528 0.107512735 0.056412913 0.77029294 0.051837504 -1.3690288 0.24128452 -0.11985613 1.4484961 -0.0022496877
1890 0.36831552 0.07047221 1.0197217 -0.4324816 0.22690326 -0.51193315 -0.12643017 0.3253078 2.1186082 -0.14680623
31 1.988249 -0.44705144 0.95955473 -0.12604058 1.3023558 -0.28959945 -1.4364853 1.5621321 0.96671486 -0.1201837
1248 -0.5457687 0.9579208 0.34199822 -0.061460167 -0.27319562 -1.0836387 -0.54834545 0.60926336 0.9954983 0.29828405
147 -0.24049918 0.56911725 0.2509631 0.22105536 0.87890273 0.02756707 -0.3349232 -0.22944741 0.551506 0.5541662
1692 0.15331644 0.44657773 -0.3396676 -0.21684642 1.3556982 0.60303426 -0.2926119 0.117363065 1.3506067 0.65614253
1002 -0.043041192 0.659869 1.2615882 0.15211329 0.67009646 -0.21106814 -0.15130964 0.33169797 -0.21548375 -0.038041346
1698 -0.6531017 0.46834636 -1.3685739 -0.28787297 0.65850544 -0.80882853 -0.36729276 0.016936904 0.19758856 -0.027329769
970 0.010705998 3.2420416 2.7661924 -3.7263913 3.1403165 -2.285013 3.2511985 -0.6172013 0.26632887 0.7940407
1216 0.28797665 1.1543844 -0.15217337 0.109532006 1.053353 0.0076361867 0.7198271 0.32152584 1.6908702 1.3757257
1389 1.3308605 0.2524561 0.486637 0.38463408 0.6708584 -0.6508141 -1.3360866 1.2261959 -0.5153902 -1.2301066
1217 -0.87696284 0.7585786 0.43121833 0.13829155 0.60188365 -0.093942456 -1.3698448 -0.14379138 0.35110953 -0.35506544
1978 -0.16550322 0.8101317 1.269528 0.7214474 0.35482386 -0.35866204 -0.23896322 0.40597036 0.10638625 -0.53963643
1835 -1.3470813 0.50394386 -0.069394305 -1.0974468 0.9098276 -0.91272783 -1.500895 -0.31464687 0.51743746 0.43724734
1204 0.18481483 3.0334206 2.576262 -3.5768714 2.9830785 -2.117317 3.1394675 -0.5638896 0.22313493 0.84538364
1539 0.1010406 -0.27840585 0.13993894 -0.8692185 1.5722228 -0.59278905 -0.02894786 -0.9261559 -0.13456912 -0.017173193
81 1.3135773 -0.16083258 -0.045306854 -0.55272996 3.1649728 1.0631996 1.0786779 0.95968527 0.12612745 -0.7636306
2008 2.143689 0.16388689 -0.41305566 0.40364525 1.0954902 -1.1954914 0.48252675 -0.4172936 0.75101066 -3.1418738
1349 0.6796272 0.9068477 0.5107348 1.1091095 1.0217675 0.44019705 0.4744083 0.7922894 0.51145786 -0.14728573
1175 1.9014341 -0.1730865 -0.7057059 0.57607377 1.154484 -1.1255358 0.6870501 0.015580669 0.12988076 -2.0542562
1693 0.088131905 -0.4124732 1.1522547 -0.87996227 1.2221571 -1.586584 0.08308529 -0.51678807 0.5801603 1.1423523
1238 0.51922613 -0.0063492185 -2.182806 0.40016964 1.723883 -0.00528035 0.28442782 0.9985398 0.8374859 -0.3906088
16 -0.47356325 0.7234005 -0.61367947 0.12245965 0.5789241 -0.8874354 0.12971747 -1.431961 1.3154761 -0.17642987
1947 -0.5191693 -0.12849997 -1.4804671 -0.9071334 1.6399591 -2.53861 0.562498 0.020254526 -0.47298664 -2.5914721
1941 0.65592664 -0.2637807 0.019760154 -0.32984757 0.91198874 -1.5178388 -0.97955394 -0.623584 0.037844922 0.5700086
1984 -0.69596845 -0.1325376 -0.37698513 -0.50381505 0.47854033 -0.8444394 -0.5839493 0.22081687 0.745318 -0.29482466
1096 -0.23706031 0.5897163 -0.1864704 -0.122014426 2.0765076 1.0752903 -0.58858556 -0.46018592 1.5340171 0.2353402
100 0.4416564 0.97727734 0.5172928 1.875492 2.103984 0.6957891 -0.12802362 -0.2810441 0.3189207 -1.1929628
1608 0.19516967 -0.13563159 -1.0039977 -0.1959992 1.0597042 -0.017132962 -1.459874 -0.09670671 2.31596 -0.63981545
376 1.453832 -0.5092942 -0.12113451 0.022816958 0.55664366 -0.83691686 -0.6068673 0.49673954 0.7768723 -0.84454674
1639 -0.26534534 1.1319134 -0.75405794 0.8808961 0.6513859 -0.022450032 -1.1855248 0.18898776 -0.11902286 -1.3559556
924 -1.252777 0.6727282 0.36701337 0.3995069 1.5171459 -0.009395008 -0.43061998 1.2224193 -0.73972493 -0.38970456
1946 -0.6743968 -0.9460358 0.47464287 -1.204101 1.3273728 -1.2990688 -0.6042578 1.0372889 0.53718907 -0.019098107
285 -0.29982448 0.14733402 1.0446409 -0.43346715 0.6154982 -0.90565777 -0.34494385 0.20020783 0.18251482 0.6658084
1187 -0.51104885 -0.07350458 0.1400549 1.1814938 1.6724478 -0.309428 -0.60322815 0.2297348 -0.29581723 0.06604546
1828 -0.51484406 0.86324537 -1.0937781 0.9796478 1.0262738 -1.188387 0.5203657 -0.7007826 0.029856607 0.5482087
1617 1.6566061 -0.2441525 1.3452024 1.1372066 2.3497868 -0.6884756 1.3410037 -0.7134224 1.0062935 0.21211693
685 -0.3196854 0.2372473 -0.9707091 0.35613948 0.9808401 -0.020739712 0.00809159 0.039937813 0.51039755 -0.65230495
309 -0.20836067 0.3827937 -0.75072575 -0.89337456 1.1234987 -0.34425053 0.33405104 -0.9502516 1.3564969 0.13741086
1406 -0.28570858 0.31686828 -0.60204446 -0.92559946 1.1267635 -0.21488236 0.058846135 -0.8595963 1.110291 0.017865013
2011 0.31694537 1.1321398 -0.8011992 -1.0461828 0.09929737 -1.7390281 0.2826885 -0.4963186 1.1447352 0.8404045
1263 1.4646673 0.32585368 1.4365433 -0.29110634 0.45052466 -2.1383255 0.47017097 0.030068593 0.5075333 -2.3595028
1511 -0.2519198 0.37920296 -0.47834274 0.7156731 1.0066907 -0.40382582 -0.62506235 -0.34874475 -0.15318051 0.5518546
1745 2.731626 1.0943147 1.3676401 -1.5148011 4.8540688 1.1520112 1.2009871 1.0728791 -1.2313098 -1.6237597
746 1.1809107 0.022003915 -1.0947639 2.0313416 1.0161742 -0.9874088 -0.8153181 0.785099 1.3170167 -0.24904734
24 1.6131885 0.12564377 -0.048419565 -1.1276631 0.6346034 -0.60369503 0.36056384 0.5344228 0.97240645 -1.1150694
1258 -0.6552398 2.2092144 -0.98771495 -0.7430211 3.0548315 0.096469656 0.92076904 -2.1519635 1.0498403 1.2863809
1678 0.104517505 -0.4814149 -0.07425709 0.12620945 1.2658421 0.17016372 -0.4674472 0.21277128 1.5115376 0.08239315
1312 0.63328016 0.6446518 -1.6423718 0.15349706 1.9144075 0.35154483 -0.79542935 -1.7565689 1.5657007 -0.52023584
288 -0.3840258 0.17002964 -0.48253003 -1.4217443 0.06844479 -1.5333631 -0.33397713 0.35057884 1.2107698 -0.603566
1376 1.8456466 0.026059281 0.4202592 -0.93270576 1.1210467 -0.13434486 -0.15119693 -0.045438834 0.51609874 0.14716345
1500 -0.7912702 -0.25472558 0.8902804 -0.9450124 0.5414834 -2.0800426 0.2013196 1.5933157 0.37794885 0.09494701
1117 0.5256326 0.04529182 0.85318947 0.7501071 1.188617 -0.65400386 -1.6358873 0.43073168 -0.8398366 -0.7354757
1192 0.07789975 0.5319663 -1.1878223 0.7522618 1.1197722 -0.33676624 0.84122044 0.55249107 0.517829 0.3351016
888 0.7451385 1.7041723 -0.28288722 0.96152484 0.4089746 -0.88125634 1.4882135 2.2628314 0.46598887 -0.7870557
1546 -0.20116074 -0.22188927 -2.4342742 0.40826964 1.8577433 -0.73373353 0.48147976 1.147584 0.5659984 -0.37035543
1830 0.021019105 0.8947525 -0.6287319 -1.6913813 0.15425801 -1.2803103 -0.7811449 -0.05730097 1.3859563 -0.031774208
188 0.93278044 0.2081421 -1.0276785 0.1316051 1.2708093 -0.27412024 0.6560348 0.53161937 0.5680883 0.7057758
262 0.20992416 -0.22427577 0.8097042 1.3388051 1.1841689 -0.31395638 0.02836127 0.52653575 0.09939712 -0.8821283
1892 -0.3683352 0.64320326 -0.5804083 -0.024592178 1.2074841 0.030921219 -0.17958906 0.041744933 -0.06541813 0.5609303
1733 -0.069312714 0.010570907 -0.8313557 -0.1575033 1.3010978 0.11959946 0.05468945 0.14977224 0.26571482 -0.36055353
895 2.5923257 1.1606264 0.30713737 -0.20653175 1.0921062 -1.1077209 1.0405444 -0.22031944 1.7113357 -3.8957405
491 -0.4011061 0.27425417 0.06570998 0.23758686 0.764892 -1.0026566 -1.4666736 0.3965186 -0.43824884 0.53637576
443 1.1650249 1.1917015 0.18933226 1.6133013 0.60840863 -0.7825901 1.4515114 1.2122887 0.7894163 0.022612147
1889 0.8515354 1.0325804 1.1773515 1.3966098 0.9772037 -0.32436997 -0.30923322 -0.2507177 -0.11412779 -2.129646
1970 -1.5959729 0.23616809 -0.389406 -0.07013483 0.64235914 -1.0346584 0.10444002 0.4385459 0.6177368 -0.05447698
399 -0.9010127 1.3947299 -0.25318927 -1.7091466 0.93078125 -0.5843562 1.6092644 0.2422854 0.78639615 -0.06363048
1223 -0.15522516 0.44495168 -1.0359244 -0.37871432 0.744509 -0.556484 -0.63119495 -1.0026349 1.24216 -0.12144002
1672 0.162189 0.24741465 1.1918334 -0.032444835 -0.09480936 -1.2484765 -0.07080031 0.2624873 0.8923177 -0.10482876
1424 -0.369804 0.267523 0.3114728 0.51370764 0.9669947 -1.0372205 -0.57000005 -0.9796288 0.6575495 1.0533674
713 1.8977109 0.5466945 1.8642192 -1.1533707 3.3829365 0.30971986 2.0464013 0.90328646 -0.4363911 -1.2919424
1906 -0.68244123 -0.044177946 -0.97349954 0.47238612 0.73386717 -0.9604813 0.16515727 -0.27355605 1.873138 -0.39045247
1409 0.11878623 1.4763892 1.0521002 -2.3728285 2.1809409 -1.6803057 2.7353551 -0.53649163 0.47238907 0.7505813
219 -1.0515547 0.94886994 -0.100425206 0.88393 -0.28023735 -1.7279588 -0.3933031 0.66314065 0.528705 -0.9472514
1402 -0.6830171 -0.31222606 1.4670393 -1.4409153 0.75908756 -2.174593 -0.5460035 0.5435043 0.25125077 -0.032457855
1812 -1.6215155 0.93560356 0.3108722 0.4475584 0.53102386 -1.9081423 0.119929545 -0.20029381 -0.050348576 0.18901455
1888 -0.005976854 0.7747156 1.066625 -0.1992161 -0.3733206 -0.99296725 0.061605338 1.6028646 1.0688355 -0.46099964
910 -0.85304075 1.2470675 -0.27268893 1.0801499 2.5605266 0.7365856 -0.34100887 1.5584747 -1.0362835 -0.77486926
777 -0.017303988 0.26683128 -0.13390025 0.36046797 0.748807 -0.63762796 -0.8496568 -0.6656987 0.12094519 0.09918283
1847 1.8166826 0.42467472 1.8834534 -1.4661632 3.5399997 0.13033594 2.1009378 0.76870555 -0.45140636 -1.2360324
1993 -0.277463 1.3382151 -0.78709686 1.4727243 1.9869477 1.0507975 0.20593567 2.51582 1.0172294 -0.6098989
679 0.75012946 1.4630829 -2.1719422 -0.66426826 2.3748286 0.060513034 0.19677185 -2.0120609 1.2091087 -0.64098966
174 -0.6577623 -0.23712897 -1.6625942 -1.4620147 2.2608955 -3.3537292 0.2850034 -0.24659571 -0.23342 -3.4275858
373 2.9348586 0.18890996 1.0791627 -0.3221912 0.8878258 -0.7101243 0.04622478 0.89983845 1.3392851 -1.8794698
1725 -0.4604014 1.299304 -0.7908343 0.909366 0.23656073 -1.1478769 -0.16442077 -0.43501645 -0.23339123 -1.0064496
1731 0.259954 -0.31540444 0.68419135 0.45713955 0.22452486 -3.388611 0.71192247 1.6306013 0.47319257 0.108591445
1302 -1.5708777 0.2057693 -0.6123516 -1.4632305 0.76075906 -2.1445708 -0.803018 1.4172431 0.013226124 -0.8746232
1898 -1.4947726 0.8883515 0.5088376 -0.5754365 0.7542458 -1.5422001 -1.0990964 -0.32145387 0.8246496 1.4013315
813 -1.4108335 0.61516386 -0.28073725 -0.57510835 2.7997277 1.1555039 -0.8252299 -0.937557 1.7336016 -1.2761571
1976 0.6349708 0.9010951 1.3237782 -0.7389428 1.5640142 0.99353796 0.22691236 -0.32465032 2.561888 -2.306772
1960 0.5650399 0.46059456 -1.1721976 1.4102125 1.3945944 -1.5052587 1.3368795 0.545792 0.09052616 0.46416485
1740 1.0450648 0.34797785 0.12774704 -0.95889485 1.8094517 -0.8436361 2.2586741 -0.4673977 1.6091301 0.31368944
1697 -0.128048 0.24937356 -0.31679168 -1.3383632 0.9659733 -0.39166215 0.2526577 1.0659915 0.7039841 0.5404824
1515 -0.3518064 0.4543843 -0.16546643 0.6083663 1.901678 0.2704762 -0.33146694 -0.5896028 0.18813257 0.75223786
1773 0.96655536 0.16029277 -8.068908e-05 -0.7814167 1.3798039 -2.5357788 0.63254166 -0.59261405 -0.17696756 -3.5509288
698 -1.5642924 0.8065346 -0.3673966 1.6584978 0.47122917 -1.5473421 0.16885085 0.9814596 1.3261644 -2.3149831
1481 0.77012825 -0.91854197 -1.5266424 0.78639823 1.1962724 -2.7772162 1.3882438 1.309245 1.1083703 -0.941838
1603 -1.6974192 0.94307643 -1.0911775 -1.8529632 0.5535083 -1.2539654 -0.8074398 1.7319576 0.7992411 -0.9767839
1346 -0.30610326 0.7677046 -0.75007814 -0.74134785 0.58966094 0.03518773 -1.2352371 0.007498595 2.3942316 -1.1196796
84 2.3314564 -0.5119736 -0.5701389 0.56821114 1.0730689 -0.90512455 -0.82476383 1.0492369 0.86569816 -1.6832165
747 0.6292378 1.2098504 2.1272466 -0.04636045 0.41900566 -0.89925814 1.5876571 -0.12681732 1.3407099 -1.7348427
1472 1.0096414 0.62278044 1.5915269 1.2981323 1.537893 0.07432058 -0.6888956 0.24559674 0.074598014 -2.6349032
423 0.058042828 -0.46282884 0.6202756 0.5733357 1.5418063 -0.998991 1.0902277 0.007964477 1.6916903 0.6292394
1364 -0.3357925 -0.32757244 0.24743892 0.5619942 3.0417826 0.62219644 0.8141728 1.1725782 0.14129253 -1.2209915
1503 -0.35230553 -0.19887222 0.070635445 0.8271571 1.8040729 -0.024547653 -1.0650487 -1.212382 0.5547646 -0.28085655
1396 -0.51889634 0.755665 -0.4676717 -0.37986308 0.6568361 -1.5792574 -1.2993175 0.6526452 -0.6353947 0.6112696
1237 -0.1260737 0.8611467 -0.8460745 1.7126559 0.5538783 -1.1191535 -0.49415535 1.7726015 0.51198536 0.079411805
481 -0.942891 1.0418451 0.060533464 1.0500126 1.5897366 -1.5143884 -1.0213176 -1.6003517 -0.9420872 0.058780026
1708 0.65795195 -2.4646115 0.20362079 -1.8838607 2.747143 -1.1687796 -1.2107483 1.2716769 2.899803 -1.0483818
719 -0.27534467 0.6315115 0.6825083 -0.31473014 0.92983896 -1.6656466 -1.3673462 -0.7947144 1.3674958 1.9635062
1790 0.061043747 0.6433753 0.49888834 -1.1589488 0.66543657 -0.893129 -1.3450409 -0.97106534 1.2759405 0.91503584
1024 -0.17676075 -0.09248157 -0.2841271 0.59960955 1.8757894 0.22826487 -0.9064801 -0.8557989 0.50711155 0.0076937648
1632 -0.19366972 1.3456937 0.32768258 1.2357388 0.8783869 0.21431541 -0.1921706 0.5921576 0.6106801 0.734878
626 -0.6100635 0.66120946 -1.7025495 -0.25505137 0.72142595 -0.95377856 -0.56644106 -0.8502323 0.8911945 -0.47656575
2017 -1.3214741 0.56917566 -0.38807133 -0.6471465 2.8258605 1.1345129 -0.7722155 -0.9609942 1.7839379 -1.2041556
33 1.256533 0.028183438 0.8357351 -0.0948239 0.89693236 -1.3504936 -0.53198093 -1.097424 0.051820047 -1.3801702
1873 -0.7115398 1.0936913 0.17640817 -0.1131332 0.93495214 0.033463962 -2.1099362 0.12141405 -0.1528191 -0.19355968
2007 0.1858828 -0.45369035 -0.60331786 0.3579935 0.83734524 -0.8346215 0.0881466 -0.5497786 1.6693778 -0.49444127
357 -0.695535 0.1880474 -0.83811015 -0.84737605 2.736005 -0.048635855 1.8753382 -0.99238396 1.094429 -1.1074595
1738 0.051972356 -0.6409908 0.44808647 0.10672094 1.4789568 -1.6448598 -0.73260987 -0.416002 -0.33242577 0.62765694
1760 0.50387406 0.7259762 0.49012837 1.4518579 -0.19669451 -1.6154921 -0.55892134 0.5413612 0.5899156 -0.5870829
515 0.327387 0.9443661 -0.16619766 1.0097345 1.0597538 -0.6129674 0.5362899 1.4099388 0.14009875 1.1866804
992 -0.19133744 1.3284627 -0.024204172 1.3093708 0.716769 -0.05157613 -0.5694273 0.58871126 0.6301313 0.722817
191 0.5383903 0.89261174 0.76197636 -0.32849428 0.8701321 0.658413 -0.46092626 -0.41063237 2.07571 -0.96141416
1622 -1.5351747 0.58005106 -0.29252964 -0.3727176 2.2709095 0.8084808 -0.6882964 -0.93125683 1.646256 -1.0476269
457 1.9028662 0.322677 0.80868375 0.18347017 1.0761666 -0.7801476 -0.35738072 -1.1239439 0.20351294 -0.78941524
1307 0.45916188 -0.23265292 -0.7336463 -0.44343835 1.575289 0.22670306 -1.9539686 -0.63024783 2.4421465 -0.84282154
1594 0.2932306 -0.0859802 -0.81026834 -0.84013915 1.0361024 -2.0258148 -0.14811336 0.309045 -0.7319449 0.39573148
1449 -0.29495603 0.055300508 0.5009605 1.0467768 0.9240375 -0.7408546 0.42094713 0.24131541 0.36835018 0.2063147
1189 -1.0177184 -0.1770613 0.0615983 0.8344956 1.6780366 -0.07827728 -0.08869257 0.56015176 0.6329391 0.20984809
1392 0.24192455 -0.20069745 0.6886602 0.13007337 0.3267446 -0.72781396 -0.41106337 0.65222216 1.4211789 0.28709757
1621 -0.08758641 0.58668286 0.5848656 -0.005297899 1.0846303 -1.2123609 -0.9479522 -0.7701366 0.3009524 1.5364152
1430 0.37971872 -0.071492724 -0.048872672 1.3827525 0.5468627 -1.7111971 -0.17870516 0.8982534 0.89200366 0.71330786
1877 -0.21798855 0.24266993 1.1971247 -0.3539429 0.11052781 -2.1530876 0.716708 1.0999671 0.27990723 0.20725349
1186 2.3252795 -0.39284056 -0.5582083 0.48366714 1.1453271 -0.7812682 -0.9243625 1.3803053 0.97746813 -1.5764531
1882 -0.90821356 0.82647175 1.0463257 0.96998805 0.8726079 -0.18550496 -0.028862037 1.4032483 0.11025797 -0.041057497
1865 0.6963665 1.6646471 -1.9681091 -0.97702193 2.1518922 0.05221393 0.35122648 -1.7557881 0.9705182 -0.87770677
523 0.38553244 -0.21548408 0.475718 0.017523695 1.282771 -0.7981171 -0.38805616 -1.1811866 -0.26702034 -0.3455124
664 1.0942827 -0.6896239 -0.031770386 0.9012913 2.2002282 -0.27193046 -1.2749292 1.4320366 0.029946331 0.64278156
1926 -0.9351945 0.9511151 0.9826389 0.43768024 0.0108921295 -1.3719172 -0.64448524 1.6516609 0.531542 0.40732634
997 0.7004358 -0.2962828 0.7767214 0.26461607 0.4970109 -1.0047731 -1.274741 0.7975951 0.61313814 0.18090986
1506 0.06782452 0.56520987 0.22526872 -0.2501 1.0058756 0.50939023 -0.6526574 0.7389378 0.8322563 0.63204235
1759 1.845139 -0.16059847 0.26021114 -0.4031359 1.0777743 -1.2191247 -1.2830752 -1.1939118 0.3995951 -0.30216047
1886 0.29212773 -0.06948247 -0.63787085 1.3448323 0.26999593 -2.2289286 -0.6255447 -0.68560386 1.5416933 0.26072085
439 0.38088492 1.3874041 -1.512084 -0.24753724 1.749156 0.22013184 0.1623968 -1.3659571 0.8711893 0.20612457
1635 -0.05870502 1.3916748 -0.7703571 -0.53217685 1.5430042 -0.068111174 0.19334805 -1.4822794 0.91073185 0.65085375
1004 0.029832058 0.12646635 -0.5906999 -0.54640204 1.6287929 0.19439946 0.0352045 0.44360337 0.70825815 0.8992049
1975 0.49830663 0.37273505 -0.32479843 -1.1336795 0.9743792 -0.20232506 -1.551633 -0.9744162 2.1435404 -0.58150476
1221 -1.6433098 1.2151691 0.33057633 0.13245276 0.7250442 -1.3801668 -0.17146313 -0.079995975 -0.31595784 0.29387355
2005 -1.1337299 1.4633211 0.04231692 0.5646013 1.4091637 -1.4089556 -0.89857775 -1.3917539 -1.0564717 0.06704478
1560 -0.73625696 0.28048354 -1.7744197 -0.3190563 0.6979875 -1.6005788 -0.655077 -0.18585604 0.38142315 -1.3046421
