478 1.3158587 1.9064509 1.5831032 -2.585242 -0.11073524 -0.30336094 -2.5480785 0.13873574 0.1312421 0.426553
1375 1.3545723 1.9542179 1.3426178 -2.6151395 -0.1380619 -0.49895877 -2.3887727 -0.1171555 0.12075873 0.66751575
1787 0.79255664 -2.4447381 2.346413 -1.5131685 0.71493244 -0.036309715 -1.6424286 0.15945975 0.879894 2.4654055
1993 0.77252513 -2.4547215 2.3831735 -1.4660759 0.7416251 0.049784932 -1.7203437 0.26632825 0.84058195 2.4762712
1576 -2.7520585 1.0100962 -1.6347802 -0.92071646 1.9693651 -0.4430105 -1.3561034 1.5501 1.4464111 0.38323024
18 -2.8445997 1.0949249 -1.7171458 -1.0591196 1.9072673 -0.43437827 -1.4080973 1.6236078 1.402821 0.3067103
1992 0.4130374 -0.7749691 -1.1439252 -1.2610339 0.08021673 0.6295502 -2.1347523 -1.9919679 0.92424464 3.0680242
1139 0.34534177 -0.8786968 -1.1368712 -1.2672962 0.108944505 0.6406246 -2.1896837 -1.9989455 0.8933937 3.1138458
1820 -0.25444663 0.5163053 -0.18525338 -4.4777966 0.15167889 -1.2450705 -0.1674822 -1.3640406 0.19765988 -1.0902253
574 -0.27361938 0.69734746 -0.22496536 -4.367722 0.22332613 -1.0543298 -0.10264314 -1.4316055 0.13120237 -0.8342322
1688 -1.1776338 -2.7744105 0.3779615 -1.7290499 -0.6935105 -0.36926535 -2.2617338 -1.2820827 1.7019855 -1.4264215
1269 -1.3145155 -2.8299758 0.28082854 -1.7497885 -0.7533397 -0.25367734 -2.2381022 -1.365775 1.6239932 -1.46283
1838 -0.780841 -1.5046669 -0.8575387 -2.7899666 1.6978309 -2.2904484 0.99323833 -0.57294863 1.4870875 1.0852196
1955 -0.93491495 -1.5158503 -0.7356194 -2.7339675 1.7019198 -2.2489948 0.9884696 -0.49502426 1.5504838 0.9971607
481 -1.2591397 0.70822006 -0.7817398 -1.8381071 1.8748745 0.2808887 -2.6805344 0.7466066 -2.150227 1.2980022
285 -1.3332558 0.7719873 -0.86502224 -1.8150496 1.9093409 0.26101544 -2.6370616 0.8052707 -2.1002383 1.4009745
1244 -1.8197485 -1.50316 1.8856219 -1.00751 0.43805653 0.42888564 0.4629022 -2.2095747 2.3458476 1.7334249
1342 -1.7971241 -1.5720013 1.8504028 -0.9159603 0.44978073 0.41344002 0.4846014 -2.2142308 2.2727978 1.7787802
1812 -1.5005869 0.8143187 0.1435261 -1.0914204 3.331779 0.88682866 -0.31591463 -2.21193 0.057284463 1.1934795
951 -1.5052898 0.7835726 0.22765599 -0.99842435 3.3984833 0.9350474 -0.37597647 -2.1540096 0.12706718 1.181222
1130 -2.0920014 0.34289008 1.7292329 -1.3293037 0.3938968 -2.502759 -2.0882726 -0.7948229 -1.7094493 0.15838309
232 -1.9990734 0.25578782 1.7858517 -1.3557662 0.3848598 -2.5662441 -2.0255978 -0.8664498 -1.7104621 0.21970685
1354 -2.644973 2.7808313 0.5695766 -1.0510467 -0.54623324 1.3183452 -1.925166 0.5627793 1.3159763 1.0098177
1296 -2.7438397 2.7463586 0.69242465 -1.0904102 -0.52975595 1.4092449 -1.8551381 0.54218394 1.3135777 1.0840558
1090 -0.1558898 -0.48742893 -1.9966747 -1.6421713 0.9225929 -0.06441413 -1.5555569 -1.2460481 3.5577996 -0.34059978
1585 -0.07132302 -0.514657 -2.0088751 -1.7100395 1.0043387 -0.024734896 -1.5745052 -1.1965704 3.6310909 -0.2318714
1772 -3.3194473 -1.6101022 -0.049405973 -3.0640905 0.1434442 -1.5260034 -0.11546048 -0.0062813032 -0.40531874 -1.0783098
1559 -3.3492365 -1.6658223 -0.02562101 -3.061921 0.15330468 -1.5256702 -0.21305479 -0.07730657 -0.51446575 -1.0704998
626 1.5338757 0.11129697 0.01871301 -0.6971861 1.5358211 0.17772047 -4.077476 0.49658328 1.7133741 0.20724842
1335 1.4629629 0.049698327 0.060866646 -0.58264947 1.5180323 0.19641587 -4.028775 0.42384106 1.6165441 0.22325166
1039 -0.74898654 0.5725297 2.571974 -1.857925 0.9953712 -0.4644038 -1.8766743 1.9750755 1.1051215 -1.6627252
1676 -0.75238496 0.47445655 2.5914278 -1.8682413 1.1613824 -0.5426691 -1.786456 2.0304008 1.1251367 -1.663697
1923 -1.6960568 -1.3962533 1.0060745 -2.6353447 2.6650202 0.7075631 0.37309396 1.2900698 -0.8026777 1.3951159
1817 -1.7532791 -1.4653881 0.88188654 -2.6551003 2.7385504 0.72285944 0.3449262 1.3569773 -0.69621384 1.522023
585 -1.5170376 -2.9694493 0.14814101 -0.3013295 1.450626 -1.6450691 -1.7558513 -1.9227307 -0.030477343 1.0964625
117 -1.5271641 -2.949662 0.20952275 -0.237181 1.4913812 -1.6490269 -1.8219312 -1.9178798 0.004481501 1.0982907
1705 -3.7082677 0.16320945 -0.39611825 -0.48739824 0.47148225 -0.9487919 0.084731184 -0.5804778 1.140761 2.8875852
439 -3.7446167 0.14977634 -0.29346767 -0.5460217 0.59863263 -0.8582388 0.12196287 -0.4882386 1.1459029 2.8708816
1591 -0.6406282 1.5131277 1.9909271 -1.3556017 1.394117 -0.5978276 -1.0914438 2.0461433 0.83135426 2.8184698
1750 -0.55329 1.5676403 1.902952 -1.2003045 1.5326846 -0.5386094 -0.95978427 1.9638122 0.8206947 2.7597651
666 -1.1184641 1.2589535 0.5010714 -0.099808455 1.6930286 -2.0273516 -0.9207415 -2.6421094 2.407081 0.49379224
777 -1.0579942 1.2994816 0.43429935 -0.14608961 1.594918 -1.8966546 -0.965869 -2.6930835 2.3698616 0.45746446
1142 -0.47126245 0.59323066 1.4538943 -1.8360969 -1.16411 0.8715036 -2.396607 -3.00624 1.093243 -0.34869128
1577 -0.41760424 0.6001715 1.4009008 -1.8062103 -1.0989544 0.86338127 -2.348323 -3.0283158 1.0645217 -0.32461777
1123 -2.368514 -1.3436753 1.8764141 -1.5140264 -0.91488963 0.3339056 -2.356317 1.5677682 -0.626818 1.0655291
2012 -2.346207 -1.3672684 1.9317315 -1.2891754 -0.9307044 0.32928404 -2.4169683 1.6608548 -0.49627915 0.99263906
1237 -0.20009731 0.6000101 0.7785008 -1.6474047 0.85546684 2.865851 -1.3027736 0.1707679 2.9427319 0.34894776
1636 -0.20274131 0.5595351 0.81531036 -1.4712284 0.8239962 2.8971696 -1.3910801 0.18231857 3.0338235 0.44203332
1753 1.3316045 1.9919977 1.5374446 -2.672118 -0.16564143 -0.49522895 -2.4291995 -0.17781812 0.15821277 0.5964235
